# k  s  name x   px    y   py   delta ct
#
    0begin            2.74369e-03  2.07339e-04  0.00000e+00  0.00000e+00  2.70000e-02  0.00000e+00
    1dh0              3.68247e-03  2.07339e-04  0.00000e+00  0.00000e+00  2.70000e-02  9.47640e-08
    2ge               3.68247e-03  2.07339e-04  0.00000e+00  0.00000e+00  2.70000e-02  9.47640e-08
    3gs               3.68247e-03  2.07339e-04  0.00000e+00  0.00000e+00  2.70000e-02  9.47640e-08
    4sh1              3.72284e-03  2.07339e-04  0.00000e+00  0.00000e+00  2.70000e-02  9.88399e-08
    5dh1a             3.75817e-03  2.07339e-04  0.00000e+00  0.00000e+00  2.70000e-02  1.02406e-07
    6bpm              3.75817e-03  2.07339e-04  0.00000e+00  0.00000e+00  2.70000e-02  1.02406e-07
    7qh1              3.85095e-03  5.56318e-04  0.00000e+00  0.00000e+00  2.70000e-02  1.20823e-07
    8dh2a             3.93626e-03  5.56318e-04  0.00000e+00  0.00000e+00  2.70000e-02  1.43930e-07
    9sq1h             3.99043e-03  5.56318e-04  0.00000e+00  0.00000e+00  2.70000e-02  1.58602e-07
   10hcm              3.99043e-03  5.56318e-04  0.00000e+00  0.00000e+00  2.70000e-02  1.58602e-07
   11vcm              3.99043e-03  5.56318e-04  0.00000e+00  0.00000e+00  2.70000e-02  1.58602e-07
   12sq1h             4.04460e-03  5.56318e-04  0.00000e+00  0.00000e+00  2.70000e-02  1.73273e-07
   13dh2b             4.12992e-03  5.56318e-04  0.00000e+00  0.00000e+00  2.70000e-02  1.96381e-07
   14sh2              4.23294e-03  5.01282e-04  0.00000e+00  0.00000e+00  2.70000e-02  2.22939e-07
   15dh2c             4.30616e-03  5.01282e-04  0.00000e+00  0.00000e+00  2.70000e-02  2.40807e-07
   16qh2              4.00652e-03 -2.01020e-03  0.00000e+00  0.00000e+00  2.70000e-02  4.53256e-07
   17dh3a             3.63463e-03 -2.01020e-03  0.00000e+00  0.00000e+00  2.70000e-02  8.17224e-07
   18sh3              3.24794e-03 -1.96280e-03  0.00000e+00  0.00000e+00  2.70000e-02  1.19105e-06
   19dh3b             2.87526e-03 -1.96280e-03  0.00000e+00  0.00000e+00  2.70000e-02  1.54719e-06
   20qh3              2.54611e-03 -7.65879e-04  0.00000e+00  0.00000e+00  2.70000e-02  1.77798e-06
   21bpm              2.54611e-03 -7.65879e-04  0.00000e+00  0.00000e+00  2.70000e-02  1.77798e-06
   22dh4a             2.41561e-03 -7.65879e-04  0.00000e+00  0.00000e+00  2.70000e-02  1.82664e-06
   23sh4              2.26583e-03 -7.72238e-04  0.00000e+00  0.00000e+00  2.70000e-02  1.88273e-06
   24dh4b             2.19063e-03 -7.72238e-04  0.00000e+00  0.00000e+00  2.70000e-02  1.91100e-06
   25dfch             2.07784e-03 -7.72238e-04  0.00000e+00  0.00000e+00  2.70000e-02  1.95340e-06
   26hcm              2.07784e-03 -7.72238e-04  0.00000e+00  0.00000e+00  2.70000e-02  1.95340e-06
   27vcm              2.07784e-03 -7.72238e-04  0.00000e+00  0.00000e+00  2.70000e-02  1.95340e-06
   28dfch             1.96505e-03 -7.72238e-04  0.00000e+00  0.00000e+00  2.70000e-02  1.99581e-06
   29ge               1.96505e-03 -7.72238e-04  0.00000e+00  0.00000e+00  2.70000e-02  1.99581e-06
   30dh4c             1.82970e-03 -7.72238e-04  0.00000e+00  0.00000e+00  2.70000e-02  2.04670e-06
   31gs               1.82970e-03 -7.72238e-04  0.00000e+00  0.00000e+00  2.70000e-02  2.04670e-06
   32b1               3.46649e-03  2.05771e-03  0.00000e+00  0.00000e+00  2.70000e-02  2.17925e-04
   33dm1a             4.19781e-03  2.05771e-03  0.00000e+00  0.00000e+00  2.70000e-02  2.18658e-04
   34dfch             4.49835e-03  2.05771e-03  0.00000e+00  0.00000e+00  2.70000e-02  2.18959e-04
   35hcm              4.49835e-03  2.05771e-03  0.00000e+00  0.00000e+00  2.70000e-02  2.18959e-04
   36vcm              4.49835e-03  2.05771e-03  0.00000e+00  0.00000e+00  2.70000e-02  2.18959e-04
   37dfch             4.79889e-03  2.05771e-03  0.00000e+00  0.00000e+00  2.70000e-02  2.19260e-04
   38dm1b             5.42001e-03  2.05771e-03  0.00000e+00  0.00000e+00  2.70000e-02  2.19882e-04
   39ge               5.42001e-03  2.05771e-03  0.00000e+00  0.00000e+00  2.70000e-02  2.19882e-04
   40gs               5.42001e-03  2.05771e-03  0.00000e+00  0.00000e+00  2.70000e-02  2.19882e-04
   41qm1              6.06169e-03  3.23633e-03  0.00000e+00  0.00000e+00  2.70000e-02  2.20719e-04
   42dm2a             6.69194e-03  3.23633e-03  0.00000e+00  0.00000e+00  2.70000e-02  2.21712e-04
   43sm1              7.33263e-03  3.34693e-03  0.00000e+00  0.00000e+00  2.70000e-02  2.22739e-04
   44dm2b             9.51612e-03  3.34693e-03  0.00000e+00  0.00000e+00  2.70000e-02  2.26297e-04
   45bpm              9.51612e-03  3.34693e-03  0.00000e+00  0.00000e+00  2.70000e-02  2.26297e-04
   46qm2              9.92043e-03 -4.85253e-05  0.00000e+00  0.00000e+00  2.70000e-02  2.26738e-04
   47dm2c             9.91098e-03 -4.85253e-05  0.00000e+00  0.00000e+00  2.70000e-02  2.26738e-04
   48sm2h             9.89574e-03 -2.01833e-04  0.00000e+00  0.00000e+00  2.70000e-02  2.26739e-04
   49mp               9.89574e-03 -2.01833e-04  0.00000e+00  0.00000e+00  2.70000e-02  2.26739e-04
   50sm2h             9.86188e-03 -3.54381e-04  0.00000e+00  0.00000e+00  2.70000e-02  2.26744e-04
   51dm2c             9.79286e-03 -3.54381e-04  0.00000e+00  0.00000e+00  2.70000e-02  2.26755e-04
   52qm2              9.29720e-03 -3.68931e-03  0.00000e+00  0.00000e+00  2.70000e-02  2.27357e-04
   53dm2b             6.89035e-03 -3.68931e-03  0.00000e+00  0.00000e+00  2.70000e-02  2.31680e-04
   54sm1              6.18158e-03 -3.59319e-03  0.00000e+00  0.00000e+00  2.70000e-02  2.32936e-04
   55dm2a             5.48184e-03 -3.59319e-03  0.00000e+00  0.00000e+00  2.70000e-02  2.34160e-04
   56qm1              4.73795e-03 -2.54411e-03  0.00000e+00  0.00000e+00  2.70000e-02  2.35278e-04
   57bpm              4.73795e-03 -2.54411e-03  0.00000e+00  0.00000e+00  2.70000e-02  2.35278e-04
   58om1              4.73795e-03 -2.54761e-03  0.00000e+00  0.00000e+00  2.70000e-02  2.35278e-04
   59dm1e             4.48989e-03 -2.54761e-03  0.00000e+00  0.00000e+00  2.70000e-02  2.35585e-04
   60dfch             4.11779e-03 -2.54761e-03  0.00000e+00  0.00000e+00  2.70000e-02  2.36047e-04
   61vcm              4.11779e-03 -2.54761e-03  0.00000e+00  0.00000e+00  2.70000e-02  2.36047e-04
   62hcm              4.11779e-03 -2.54761e-03  0.00000e+00  0.00000e+00  2.70000e-02  2.36047e-04
   63dfch             3.74570e-03 -2.54761e-03  0.00000e+00  0.00000e+00  2.70000e-02  2.36508e-04
   64ge               3.74570e-03 -2.54761e-03  0.00000e+00  0.00000e+00  2.70000e-02  2.36508e-04
   65gs               3.74570e-03 -2.54761e-03  0.00000e+00  0.00000e+00  2.70000e-02  2.36508e-04
   66dm1d             3.31159e-03 -2.54761e-03  0.00000e+00  0.00000e+00  2.70000e-02  2.37047e-04
   67dpw              2.81546e-03 -2.54761e-03  0.00000e+00  0.00000e+00  2.70000e-02  2.37662e-04
   68dm1c             2.31934e-03 -2.54761e-03  0.00000e+00  0.00000e+00  2.70000e-02  2.38277e-04
   69b1              -5.65003e-04  2.82345e-04  0.00000e+00  0.00000e+00  2.70000e-02  2.69620e-04
   70ge              -5.65003e-04  2.82345e-04  0.00000e+00  0.00000e+00  2.70000e-02  2.69620e-04
   71dl4b            -5.23764e-04  2.82345e-04  0.00000e+00  0.00000e+00  2.70000e-02  2.69626e-04
   72gs              -5.23764e-04  2.82345e-04  0.00000e+00  0.00000e+00  2.70000e-02  2.69626e-04
   73dfch            -4.82526e-04  2.82345e-04  0.00000e+00  0.00000e+00  2.70000e-02  2.69632e-04
   74vcm             -4.82526e-04  2.82345e-04  0.00000e+00  0.00000e+00  2.70000e-02  2.69632e-04
   75hcm             -4.82526e-04  2.82345e-04  0.00000e+00  0.00000e+00  2.70000e-02  2.69632e-04
   76dfch            -4.41288e-04  2.82345e-04  0.00000e+00  0.00000e+00  2.70000e-02  2.69637e-04
   77dl4a            -4.00049e-04  2.82345e-04  0.00000e+00  0.00000e+00  2.70000e-02  2.69643e-04
   78bpm             -4.00049e-04  2.82345e-04  0.00000e+00  0.00000e+00  2.70000e-02  2.69643e-04
   79ql3             -3.49231e-04  1.38452e-04  0.00000e+00  0.00000e+00  2.70000e-02  2.69648e-04
   80dl3b            -3.29009e-04  1.38452e-04  0.00000e+00  0.00000e+00  2.70000e-02  2.69650e-04
   81sl3             -3.02007e-04  1.38851e-04  0.00000e+00  0.00000e+00  2.70000e-02  2.69651e-04
   82dl3a            -2.15668e-04  1.38851e-04  0.00000e+00  0.00000e+00  2.70000e-02  2.69657e-04
   83ql2             -1.31425e-04  2.82376e-04  0.00000e+00  0.00000e+00  2.70000e-02  2.69667e-04
   84dl2c            -6.26866e-05  2.82376e-04  0.00000e+00  0.00000e+00  2.70000e-02  2.69676e-04
   85sl2             -7.69675e-06  2.82372e-04  0.00000e+00  0.00000e+00  2.70000e-02  2.69684e-04
   86dl2b             3.01086e-05  2.82372e-04  0.00000e+00  0.00000e+00  2.70000e-02  2.69689e-04
   87dsch             5.76034e-05  2.82372e-04  0.00000e+00  0.00000e+00  2.70000e-02  2.69692e-04
   88vcm              5.76034e-05  2.82372e-04  0.00000e+00  0.00000e+00  2.70000e-02  2.69692e-04
   89hcm              5.76034e-05  2.82372e-04  0.00000e+00  0.00000e+00  2.70000e-02  2.69692e-04
   90dsch             8.50982e-05  2.82372e-04  0.00000e+00  0.00000e+00  2.70000e-02  2.69696e-04
   91dl2a             1.22904e-04  2.82372e-04  0.00000e+00  0.00000e+00  2.70000e-02  2.69701e-04
   92ql1              2.00008e-04  3.57113e-04  0.00000e+00  0.00000e+00  2.70000e-02  2.69713e-04
   93bpm              2.00008e-04  3.57113e-04  0.00000e+00  0.00000e+00  2.70000e-02  2.69713e-04
   94dl1a             2.60860e-04  3.57113e-04  0.00000e+00  0.00000e+00  2.70000e-02  2.69724e-04
   95sl1              3.30410e-04  3.57173e-04  0.00000e+00  0.00000e+00  2.70000e-02  2.69736e-04
   96ge               3.30410e-04  3.57173e-04  0.00000e+00  0.00000e+00  2.70000e-02  2.69736e-04
   97gs               3.30410e-04  3.57173e-04  0.00000e+00  0.00000e+00  2.70000e-02  2.69736e-04
   98dl0              1.47809e-03  3.57173e-04  0.00000e+00  0.00000e+00  2.70000e-02  2.69936e-04
   99ss               1.47809e-03  3.57173e-04  0.00000e+00  0.00000e+00  2.70000e-02  2.69936e-04
  100dl0              2.62578e-03  3.57173e-04  0.00000e+00  0.00000e+00  2.70000e-02  2.70135e-04
  101ge               2.62578e-03  3.57173e-04  0.00000e+00  0.00000e+00  2.70000e-02  2.70135e-04
  102gs               2.62578e-03  3.57173e-04  0.00000e+00  0.00000e+00  2.70000e-02  2.70135e-04
  103sl1              2.69580e-03  3.61999e-04  0.00000e+00  0.00000e+00  2.70000e-02  2.70147e-04
  104dl1a             2.75748e-03  3.61999e-04  0.00000e+00  0.00000e+00  2.70000e-02  2.70158e-04
  105bpm              2.75748e-03  3.61999e-04  0.00000e+00  0.00000e+00  2.70000e-02  2.70158e-04
  106ql1              3.00553e-03  1.69524e-03  0.00000e+00  0.00000e+00  2.70000e-02  2.70299e-04
  107dl2a             3.23250e-03  1.69524e-03  0.00000e+00  0.00000e+00  2.70000e-02  2.70486e-04
  108dsch             3.39757e-03  1.69524e-03  0.00000e+00  0.00000e+00  2.70000e-02  2.70622e-04
  109hcm              3.39757e-03  1.69524e-03  0.00000e+00  0.00000e+00  2.70000e-02  2.70622e-04
  110vcm              3.39757e-03  1.69524e-03  0.00000e+00  0.00000e+00  2.70000e-02  2.70622e-04
  111dsch             3.56263e-03  1.69524e-03  0.00000e+00  0.00000e+00  2.70000e-02  2.70759e-04
  112dl2b             3.78960e-03  1.69524e-03  0.00000e+00  0.00000e+00  2.70000e-02  2.70946e-04
  113sl2              4.11505e-03  1.64574e-03  0.00000e+00  0.00000e+00  2.70000e-02  2.71211e-04
  114dl2c             4.51566e-03  1.64574e-03  0.00000e+00  0.00000e+00  2.70000e-02  2.71532e-04
  115ql2              4.43413e-03 -2.05345e-03  0.00000e+00  0.00000e+00  2.70000e-02  2.71758e-04
  116dl3a             3.15727e-03 -2.05345e-03  0.00000e+00  0.00000e+00  2.70000e-02  2.73035e-04
  117sl3              2.76094e-03 -2.01839e-03  0.00000e+00  0.00000e+00  2.70000e-02  2.73427e-04
  118dl3b             2.46614e-03 -2.01839e-03  0.00000e+00  0.00000e+00  2.70000e-02  2.73717e-04
  119ql3              2.08416e-03 -1.14458e-03  0.00000e+00  0.00000e+00  2.70000e-02  2.74016e-04
  120bpm              2.08416e-03 -1.14458e-03  0.00000e+00  0.00000e+00  2.70000e-02  2.74016e-04
  121dl4a             1.91699e-03 -1.14458e-03  0.00000e+00  0.00000e+00  2.70000e-02  2.74109e-04
  122dfch             1.74982e-03 -1.14458e-03  0.00000e+00  0.00000e+00  2.70000e-02  2.74203e-04
  123hcm              1.74982e-03 -1.14458e-03  0.00000e+00  0.00000e+00  2.70000e-02  2.74203e-04
  124vcm              1.74982e-03 -1.14458e-03  0.00000e+00  0.00000e+00  2.70000e-02  2.74203e-04
  125dfch             1.58264e-03 -1.14458e-03  0.00000e+00  0.00000e+00  2.70000e-02  2.74296e-04
  126ge               1.58264e-03 -1.14458e-03  0.00000e+00  0.00000e+00  2.70000e-02  2.74296e-04
  127dl4b             1.41547e-03 -1.14458e-03  0.00000e+00  0.00000e+00  2.70000e-02  2.74389e-04
  128gs               1.41547e-03 -1.14458e-03  0.00000e+00  0.00000e+00  2.70000e-02  2.74389e-04
  129b1               2.10406e-03  1.68537e-03  0.00000e+00  0.00000e+00  2.70000e-02  3.96740e-04
  130dm1a             2.70305e-03  1.68537e-03  0.00000e+00  0.00000e+00  2.70000e-02  3.97231e-04
  131sq2h             2.94921e-03  1.68537e-03  0.00000e+00  0.00000e+00  2.70000e-02  3.97433e-04
  132hcm              2.94921e-03  1.68537e-03  0.00000e+00  0.00000e+00  2.70000e-02  3.97433e-04
  133vcm              2.94921e-03  1.68537e-03  0.00000e+00  0.00000e+00  2.70000e-02  3.97433e-04
  134sq2h             3.19537e-03  1.68537e-03  0.00000e+00  0.00000e+00  2.70000e-02  3.97635e-04
  135dm1b             3.70410e-03  1.68537e-03  0.00000e+00  0.00000e+00  2.70000e-02  3.98053e-04
  136ge               3.70410e-03  1.68537e-03  0.00000e+00  0.00000e+00  2.70000e-02  3.98053e-04
  137gs               3.70410e-03  1.68537e-03  0.00000e+00  0.00000e+00  2.70000e-02  3.98053e-04
  138om1              3.70410e-03  1.68343e-03  0.00000e+00  0.00000e+00  2.70000e-02  3.98053e-04
  139qm1              4.21066e-03  2.49590e-03  0.00000e+00  0.00000e+00  2.70000e-02  3.98573e-04
  140dm2a             4.69672e-03  2.49590e-03  0.00000e+00  0.00000e+00  2.70000e-02  3.99163e-04
  141sm1              5.18795e-03  2.55085e-03  0.00000e+00  0.00000e+00  2.70000e-02  3.99767e-04
  142dm2b             6.85209e-03  2.55085e-03  0.00000e+00  0.00000e+00  2.70000e-02  4.01833e-04
  143bpm              6.85209e-03  2.55085e-03  0.00000e+00  0.00000e+00  2.70000e-02  4.01833e-04
  144qm2              7.17703e-03  1.00046e-04  0.00000e+00  0.00000e+00  2.70000e-02  4.02104e-04
  145dm2c             7.19651e-03  1.00046e-04  0.00000e+00  0.00000e+00  2.70000e-02  4.02105e-04
  146sm2h             7.20376e-03  1.90162e-05  0.00000e+00  0.00000e+00  2.70000e-02  4.02105e-04
  147mp               7.20376e-03  1.90162e-05  0.00000e+00  0.00000e+00  2.70000e-02  4.02105e-04
  148sm2h             7.20114e-03 -6.20654e-05  0.00000e+00  0.00000e+00  2.70000e-02  4.02105e-04
  149dm2c             7.18905e-03 -6.20654e-05  0.00000e+00  0.00000e+00  2.70000e-02  4.02105e-04
  150qm2              6.87272e-03 -2.51858e-03  0.00000e+00  0.00000e+00  2.70000e-02  4.02365e-04
  151dm2b             5.22964e-03 -2.51858e-03  0.00000e+00  0.00000e+00  2.70000e-02  4.04380e-04
  152sm1              4.74479e-03 -2.46262e-03  0.00000e+00  0.00000e+00  2.70000e-02  4.04968e-04
  153dm2a             4.26521e-03 -2.46262e-03  0.00000e+00  0.00000e+00  2.70000e-02  4.05543e-04
  154qm1              3.76819e-03 -1.63798e-03  0.00000e+00  0.00000e+00  2.70000e-02  4.06043e-04
  155bpm              3.76819e-03 -1.63798e-03  0.00000e+00  0.00000e+00  2.70000e-02  4.06043e-04
  156dm1e             3.60870e-03 -1.63798e-03  0.00000e+00  0.00000e+00  2.70000e-02  4.06171e-04
  157dfch             3.36946e-03 -1.63798e-03  0.00000e+00  0.00000e+00  2.70000e-02  4.06361e-04
  158vcm              3.36946e-03 -1.63798e-03  0.00000e+00  0.00000e+00  2.70000e-02  4.06361e-04
  159hcm              3.36946e-03 -1.63798e-03  0.00000e+00  0.00000e+00  2.70000e-02  4.06361e-04
  160dfch             3.13023e-03 -1.63798e-03  0.00000e+00  0.00000e+00  2.70000e-02  4.06552e-04
  161ge               3.13023e-03 -1.63798e-03  0.00000e+00  0.00000e+00  2.70000e-02  4.06552e-04
  162gs               3.13023e-03 -1.63798e-03  0.00000e+00  0.00000e+00  2.70000e-02  4.06552e-04
  163dm1d             2.85112e-03 -1.63798e-03  0.00000e+00  0.00000e+00  2.70000e-02  4.06775e-04
  164dpw              2.53213e-03 -1.63798e-03  0.00000e+00  0.00000e+00  2.70000e-02  4.07029e-04
  165dm1c             2.21315e-03 -1.63798e-03  0.00000e+00  0.00000e+00  2.70000e-02  4.07284e-04
  166b1               1.64526e-03  1.19197e-03  0.00000e+00  0.00000e+00  2.70000e-02  5.47365e-04
  167ge               1.64526e-03  1.19197e-03  0.00000e+00  0.00000e+00  2.70000e-02  5.47365e-04
  168dh4c             1.85417e-03  1.19197e-03  0.00000e+00  0.00000e+00  2.70000e-02  5.47486e-04
  169gs               1.85417e-03  1.19197e-03  0.00000e+00  0.00000e+00  2.70000e-02  5.47486e-04
  170dfch             2.02827e-03  1.19197e-03  0.00000e+00  0.00000e+00  2.70000e-02  5.47587e-04
  171vcm              2.02827e-03  1.19197e-03  0.00000e+00  0.00000e+00  2.70000e-02  5.47587e-04
  172hcm              2.02827e-03  1.19197e-03  0.00000e+00  0.00000e+00  2.70000e-02  5.47587e-04
  173dfch             2.20236e-03  1.19197e-03  0.00000e+00  0.00000e+00  2.70000e-02  5.47688e-04
  174dh4b             2.31843e-03  1.19197e-03  0.00000e+00  0.00000e+00  2.70000e-02  5.47755e-04
  175sh4              2.54990e-03  1.18509e-03  0.00000e+00  0.00000e+00  2.70000e-02  5.47889e-04
  176dh4a             2.75184e-03  1.18509e-03  0.00000e+00  0.00000e+00  2.70000e-02  5.48006e-04
  177bpm              2.75184e-03  1.18509e-03  0.00000e+00  0.00000e+00  2.70000e-02  5.48006e-04
  178qh3              3.19664e-03  2.50244e-03  0.00000e+00  0.00000e+00  2.70000e-02  5.48419e-04
  179dh3b             3.67179e-03  2.50244e-03  0.00000e+00  0.00000e+00  2.70000e-02  5.48997e-04
  180sh3              4.16485e-03  2.56390e-03  0.00000e+00  0.00000e+00  2.70000e-02  5.49605e-04
  181dh3a             4.63919e-03  2.56390e-03  0.00000e+00  0.00000e+00  2.70000e-02  5.50197e-04
  182qh2              5.07559e-03 -3.66128e-04  0.00000e+00  0.00000e+00  2.70000e-02  5.50572e-04
  183dh2c             5.02212e-03 -3.66128e-04  0.00000e+00  0.00000e+00  2.70000e-02  5.50581e-04
  184sh2              4.94317e-03 -4.44280e-04  0.00000e+00  0.00000e+00  2.70000e-02  5.50597e-04
  185dh2b             4.87503e-03 -4.44280e-04  0.00000e+00  0.00000e+00  2.70000e-02  5.50612e-04
  186dsch             4.83177e-03 -4.44280e-04  0.00000e+00  0.00000e+00  2.70000e-02  5.50621e-04
  187vcm              4.83177e-03 -4.44280e-04  0.00000e+00  0.00000e+00  2.70000e-02  5.50621e-04
  188hcm              4.83177e-03 -4.44280e-04  0.00000e+00  0.00000e+00  2.70000e-02  5.50621e-04
  189dsch             4.78851e-03 -4.44280e-04  0.00000e+00  0.00000e+00  2.70000e-02  5.50630e-04
  190dh2a             4.72038e-03 -4.44280e-04  0.00000e+00  0.00000e+00  2.70000e-02  5.50645e-04
  191qh1              4.66520e-03 -9.96464e-06  0.00000e+00  0.00000e+00  2.70000e-02  5.50653e-04
  192bpm              4.66520e-03 -9.96464e-06  0.00000e+00  0.00000e+00  2.70000e-02  5.50653e-04
  193dh1a             4.66350e-03 -9.96464e-06  0.00000e+00  0.00000e+00  2.70000e-02  5.50653e-04
  194sh1              4.66156e-03 -9.96464e-06  0.00000e+00  0.00000e+00  2.70000e-02  5.50653e-04
  195ge               4.66156e-03 -9.96464e-06  0.00000e+00  0.00000e+00  2.70000e-02  5.50653e-04
  196gs               4.66156e-03 -9.96464e-06  0.00000e+00  0.00000e+00  2.70000e-02  5.50653e-04
  197dh0              4.61644e-03 -9.96464e-06  0.00000e+00  0.00000e+00  2.70000e-02  5.50653e-04
  198ls               4.61644e-03 -9.96464e-06  0.00000e+00  0.00000e+00  2.70000e-02  5.50653e-04
  199d_dw             4.65050e-03 -9.96464e-06  0.00000e+00  0.00000e+00  2.70000e-02  5.50653e-04
  200dw_90            4.58688e-03 -8.64555e-06  0.00000e+00  0.00000e+00  2.70000e-02  5.50654e-04
  201d_dw             4.61643e-03 -8.64555e-06  0.00000e+00  0.00000e+00  2.70000e-02  5.50653e-04
  202dh0              4.57728e-03 -8.64555e-06  0.00000e+00  0.00000e+00  2.70000e-02  5.50654e-04
  203ge               4.57728e-03 -8.64555e-06  0.00000e+00  0.00000e+00  2.70000e-02  5.50654e-04
  204gs               4.57728e-03 -8.64555e-06  0.00000e+00  0.00000e+00  2.70000e-02  5.50654e-04
  205sh1              4.57560e-03 -8.64555e-06  0.00000e+00  0.00000e+00  2.70000e-02  5.50654e-04
  206dh1a             4.57413e-03 -8.64555e-06  0.00000e+00  0.00000e+00  2.70000e-02  5.50654e-04
  207bpm              4.57413e-03 -8.64555e-06  0.00000e+00  0.00000e+00  2.70000e-02  5.50654e-04
  208qh1              4.62356e-03  4.15572e-04  0.00000e+00  0.00000e+00  2.70000e-02  5.50660e-04
  209dh2a             4.68730e-03  4.15572e-04  0.00000e+00  0.00000e+00  2.70000e-02  5.50673e-04
  210sq1h             4.72776e-03  4.15572e-04  0.00000e+00  0.00000e+00  2.70000e-02  5.50681e-04
  211hcm              4.72776e-03  4.15572e-04  0.00000e+00  0.00000e+00  2.70000e-02  5.50681e-04
  212vcm              4.72776e-03  4.15572e-04  0.00000e+00  0.00000e+00  2.70000e-02  5.50681e-04
  213sq1h             4.76822e-03  4.15572e-04  0.00000e+00  0.00000e+00  2.70000e-02  5.50690e-04
  214dh2b             4.83196e-03  4.15572e-04  0.00000e+00  0.00000e+00  2.70000e-02  5.50702e-04
  215sh2              4.90566e-03  3.40951e-04  0.00000e+00  0.00000e+00  2.70000e-02  5.50716e-04
  216dh2c             4.95545e-03  3.40951e-04  0.00000e+00  0.00000e+00  2.70000e-02  5.50724e-04
  217qh2              4.52285e-03 -2.51953e-03  0.00000e+00  0.00000e+00  2.70000e-02  5.51088e-04
  218dh3a             4.05673e-03 -2.51953e-03  0.00000e+00  0.00000e+00  2.70000e-02  5.51660e-04
  219sh3              3.57198e-03 -2.46129e-03  0.00000e+00  0.00000e+00  2.70000e-02  5.52248e-04
  220dh3b             3.10465e-03 -2.46129e-03  0.00000e+00  0.00000e+00  2.70000e-02  5.52808e-04
  221qh3              2.66479e-03 -1.18527e-03  0.00000e+00  0.00000e+00  2.70000e-02  5.53211e-04
  222bpm              2.66479e-03 -1.18527e-03  0.00000e+00  0.00000e+00  2.70000e-02  5.53211e-04
  223dh4a             2.46282e-03 -1.18527e-03  0.00000e+00  0.00000e+00  2.70000e-02  5.53327e-04
  224sh4              2.23135e-03 -1.19167e-03  0.00000e+00  0.00000e+00  2.70000e-02  5.53461e-04
  225dh4b             2.11532e-03 -1.19167e-03  0.00000e+00  0.00000e+00  2.70000e-02  5.53528e-04
  226dfch             1.94127e-03 -1.19167e-03  0.00000e+00  0.00000e+00  2.70000e-02  5.53629e-04
  227hcm              1.94127e-03 -1.19167e-03  0.00000e+00  0.00000e+00  2.70000e-02  5.53629e-04
  228vcm              1.94127e-03 -1.19167e-03  0.00000e+00  0.00000e+00  2.70000e-02  5.53629e-04
  229dfch             1.76722e-03 -1.19167e-03  0.00000e+00  0.00000e+00  2.70000e-02  5.53730e-04
  230ge               1.76722e-03 -1.19167e-03  0.00000e+00  0.00000e+00  2.70000e-02  5.53730e-04
  231dh4c             1.55836e-03 -1.19167e-03  0.00000e+00  0.00000e+00  2.70000e-02  5.53851e-04
  232gs               1.55836e-03 -1.19167e-03  0.00000e+00  0.00000e+00  2.70000e-02  5.53851e-04
  233b1               2.12703e-03  1.63829e-03  0.00000e+00  0.00000e+00  2.70000e-02  6.84866e-04
  234dm1a             2.70929e-03  1.63829e-03  0.00000e+00  0.00000e+00  2.70000e-02  6.85330e-04
  235dfch             2.94857e-03  1.63829e-03  0.00000e+00  0.00000e+00  2.70000e-02  6.85521e-04
  236hcm              2.94857e-03  1.63829e-03  0.00000e+00  0.00000e+00  2.70000e-02  6.85521e-04
  237vcm              2.94857e-03  1.63829e-03  0.00000e+00  0.00000e+00  2.70000e-02  6.85521e-04
  238dfch             3.18785e-03  1.63829e-03  0.00000e+00  0.00000e+00  2.70000e-02  6.85712e-04
  239dm1b             3.68237e-03  1.63829e-03  0.00000e+00  0.00000e+00  2.70000e-02  6.86107e-04
  240ge               3.68237e-03  1.63829e-03  0.00000e+00  0.00000e+00  2.70000e-02  6.86107e-04
  241gs               3.68237e-03  1.63829e-03  0.00000e+00  0.00000e+00  2.70000e-02  6.86107e-04
  242qm1              4.17730e-03  2.44509e-03  0.00000e+00  0.00000e+00  2.70000e-02  6.86603e-04
  243dm2a             4.65347e-03  2.44509e-03  0.00000e+00  0.00000e+00  2.70000e-02  6.87170e-04
  244sm1              5.13470e-03  2.49898e-03  0.00000e+00  0.00000e+00  2.70000e-02  6.87749e-04
  245dm2b             6.76501e-03  2.49898e-03  0.00000e+00  0.00000e+00  2.70000e-02  6.89732e-04
  246bpm              6.76501e-03  2.49898e-03  0.00000e+00  0.00000e+00  2.70000e-02  6.89732e-04
  247qm2              7.08115e-03  8.01377e-05  0.00000e+00  0.00000e+00  2.70000e-02  6.89990e-04
  248dm2c             7.09675e-03  8.01377e-05  0.00000e+00  0.00000e+00  2.70000e-02  6.89991e-04
  249sm2h             7.10171e-03  1.36353e-06  0.00000e+00  0.00000e+00  2.70000e-02  6.89991e-04
  250mp               7.10171e-03  1.36353e-06  0.00000e+00  0.00000e+00  2.70000e-02  6.89991e-04
  251sm2h             7.09709e-03 -7.74143e-05  0.00000e+00  0.00000e+00  2.70000e-02  6.89991e-04
  252dm2c             7.08201e-03 -7.74143e-05  0.00000e+00  0.00000e+00  2.70000e-02  6.89991e-04
  253qm2              6.76649e-03 -2.49667e-03  0.00000e+00  0.00000e+00  2.70000e-02  6.90248e-04
  254dm2b             5.13769e-03 -2.49667e-03  0.00000e+00  0.00000e+00  2.70000e-02  6.92228e-04
  255sm1              4.65691e-03 -2.44271e-03  0.00000e+00  0.00000e+00  2.70000e-02  6.92806e-04
  256dm2a             4.18122e-03 -2.44271e-03  0.00000e+00  0.00000e+00  2.70000e-02  6.93372e-04
  257qm1              3.68697e-03 -1.63503e-03  0.00000e+00  0.00000e+00  2.70000e-02  6.93867e-04
  258bpm              3.68697e-03 -1.63503e-03  0.00000e+00  0.00000e+00  2.70000e-02  6.93867e-04
  259om1              3.68697e-03 -1.63695e-03  0.00000e+00  0.00000e+00  2.70000e-02  6.93867e-04
  260dm1e             3.52757e-03 -1.63695e-03  0.00000e+00  0.00000e+00  2.70000e-02  6.93994e-04
  261dfch             3.28849e-03 -1.63695e-03  0.00000e+00  0.00000e+00  2.70000e-02  6.94184e-04
  262vcm              3.28849e-03 -1.63695e-03  0.00000e+00  0.00000e+00  2.70000e-02  6.94184e-04
  263hcm              3.28849e-03 -1.63695e-03  0.00000e+00  0.00000e+00  2.70000e-02  6.94184e-04
  264dfch             3.04940e-03 -1.63695e-03  0.00000e+00  0.00000e+00  2.70000e-02  6.94375e-04
  265ge               3.04940e-03 -1.63695e-03  0.00000e+00  0.00000e+00  2.70000e-02  6.94375e-04
  266gs               3.04940e-03 -1.63695e-03  0.00000e+00  0.00000e+00  2.70000e-02  6.94375e-04
  267dm1d             2.77047e-03 -1.63695e-03  0.00000e+00  0.00000e+00  2.70000e-02  6.94597e-04
  268dpw              2.45168e-03 -1.63695e-03  0.00000e+00  0.00000e+00  2.70000e-02  6.94851e-04
  269dm1c             2.13290e-03 -1.63695e-03  0.00000e+00  0.00000e+00  2.70000e-02  6.95105e-04
  270b1               1.56764e-03  1.19301e-03  0.00000e+00  0.00000e+00  2.70000e-02  8.26913e-04
  271ge               1.56764e-03  1.19301e-03  0.00000e+00  0.00000e+00  2.70000e-02  8.26913e-04
  272dl4b             1.74188e-03  1.19301e-03  0.00000e+00  0.00000e+00  2.70000e-02  8.27014e-04
  273gs               1.74188e-03  1.19301e-03  0.00000e+00  0.00000e+00  2.70000e-02  8.27014e-04
  274dfch             1.91613e-03  1.19301e-03  0.00000e+00  0.00000e+00  2.70000e-02  8.27115e-04
  275vcm              1.91613e-03  1.19301e-03  0.00000e+00  0.00000e+00  2.70000e-02  8.27115e-04
  276hcm              1.91613e-03  1.19301e-03  0.00000e+00  0.00000e+00  2.70000e-02  8.27115e-04
  277dfch             2.09037e-03  1.19301e-03  0.00000e+00  0.00000e+00  2.70000e-02  8.27216e-04
  278dl4a             2.26462e-03  1.19301e-03  0.00000e+00  0.00000e+00  2.70000e-02  8.27318e-04
  279bpm              2.26462e-03  1.19301e-03  0.00000e+00  0.00000e+00  2.70000e-02  8.27318e-04
  280ql3              2.66709e-03  2.13963e-03  0.00000e+00  0.00000e+00  2.70000e-02  8.27650e-04
  281dl3b             2.97960e-03  2.13963e-03  0.00000e+00  0.00000e+00  2.70000e-02  8.27976e-04
  282sl3              3.40007e-03  2.18038e-03  0.00000e+00  0.00000e+00  2.70000e-02  8.28418e-04
  283dl3a             4.75585e-03  2.18038e-03  0.00000e+00  0.00000e+00  2.70000e-02  8.29857e-04
  284ql2              4.83514e-03 -1.78391e-03  0.00000e+00  0.00000e+00  2.70000e-02  8.30115e-04
  285dl2c             4.40089e-03 -1.78391e-03  0.00000e+00  0.00000e+00  2.70000e-02  8.30492e-04
  286sl2              4.04783e-03 -1.84046e-03  0.00000e+00  0.00000e+00  2.70000e-02  8.30804e-04
  287dl2b             3.80142e-03 -1.84046e-03  0.00000e+00  0.00000e+00  2.70000e-02  8.31025e-04
  288dsch             3.62221e-03 -1.84046e-03  0.00000e+00  0.00000e+00  2.70000e-02  8.31185e-04
  289vcm              3.62221e-03 -1.84046e-03  0.00000e+00  0.00000e+00  2.70000e-02  8.31185e-04
  290hcm              3.62221e-03 -1.84046e-03  0.00000e+00  0.00000e+00  2.70000e-02  8.31185e-04
  291dsch             3.44301e-03 -1.84046e-03  0.00000e+00  0.00000e+00  2.70000e-02  8.31346e-04
  292dl2a             3.19660e-03 -1.84046e-03  0.00000e+00  0.00000e+00  2.70000e-02  8.31567e-04
  293ql1              2.92349e-03 -4.24643e-04  0.00000e+00  0.00000e+00  2.70000e-02  8.31736e-04
  294bpm              2.92349e-03 -4.24643e-04  0.00000e+00  0.00000e+00  2.70000e-02  8.31736e-04
  295dl1a             2.85113e-03 -4.24643e-04  0.00000e+00  0.00000e+00  2.70000e-02  8.31751e-04
  296sl1              2.76896e-03 -4.19260e-04  0.00000e+00  0.00000e+00  2.70000e-02  8.31768e-04
  297ge               2.76896e-03 -4.19260e-04  0.00000e+00  0.00000e+00  2.70000e-02  8.31768e-04
  298gs               2.76896e-03 -4.19260e-04  0.00000e+00  0.00000e+00  2.70000e-02  8.31768e-04
  299dl0              1.42178e-03 -4.19260e-04  0.00000e+00  0.00000e+00  2.70000e-02  8.32043e-04
  300ss               1.42178e-03 -4.19260e-04  0.00000e+00  0.00000e+00  2.70000e-02  8.32043e-04
  301dl0              7.45914e-05 -4.19260e-04  0.00000e+00  0.00000e+00  2.70000e-02  8.32318e-04
  302ge               7.45914e-05 -4.19260e-04  0.00000e+00  0.00000e+00  2.70000e-02  8.32318e-04
  303gs               7.45914e-05 -4.19260e-04  0.00000e+00  0.00000e+00  2.70000e-02  8.32318e-04
  304sl1             -7.05600e-06 -4.19259e-04  0.00000e+00  0.00000e+00  2.70000e-02  8.32334e-04
  305dl1a            -7.84974e-05 -4.19259e-04  0.00000e+00  0.00000e+00  2.70000e-02  8.32349e-04
  306bpm             -7.84974e-05 -4.19259e-04  0.00000e+00  0.00000e+00  2.70000e-02  8.32349e-04
  307ql1             -1.87006e-04 -4.80680e-04  0.00000e+00  0.00000e+00  2.70000e-02  8.32372e-04
  308dl2a            -2.51362e-04 -4.80680e-04  0.00000e+00  0.00000e+00  2.70000e-02  8.32387e-04
  309dsch            -2.98166e-04 -4.80680e-04  0.00000e+00  0.00000e+00  2.70000e-02  8.32398e-04
  310hcm             -2.98166e-04 -4.80680e-04  0.00000e+00  0.00000e+00  2.70000e-02  8.32398e-04
  311vcm             -2.98166e-04 -4.80680e-04  0.00000e+00  0.00000e+00  2.70000e-02  8.32398e-04
  312dsch            -3.44971e-04 -4.80680e-04  0.00000e+00  0.00000e+00  2.70000e-02  8.32409e-04
  313dl2b            -4.09327e-04 -4.80680e-04  0.00000e+00  0.00000e+00  2.70000e-02  8.32424e-04
  314sl2             -5.02995e-04 -4.81341e-04  0.00000e+00  0.00000e+00  2.70000e-02  8.32446e-04
  315dl2c            -6.20167e-04 -4.81341e-04  0.00000e+00  0.00000e+00  2.70000e-02  8.32474e-04
  316ql2             -7.03225e-04  6.60407e-05  0.00000e+00  0.00000e+00  2.70000e-02  8.32487e-04
  317dl3a            -6.62160e-04  6.60407e-05  0.00000e+00  0.00000e+00  2.70000e-02  8.32488e-04
  318sl3             -6.49131e-04  6.77604e-05  0.00000e+00  0.00000e+00  2.70000e-02  8.32489e-04
  319dl3b            -6.39234e-04  6.77604e-05  0.00000e+00  0.00000e+00  2.70000e-02  8.32489e-04
  320ql3             -6.52808e-04 -1.80161e-04  0.00000e+00  0.00000e+00  2.70000e-02  8.32490e-04
  321bpm             -6.52808e-04 -1.80161e-04  0.00000e+00  0.00000e+00  2.70000e-02  8.32490e-04
  322dl4a            -6.79122e-04 -1.80161e-04  0.00000e+00  0.00000e+00  2.70000e-02  8.32493e-04
  323dfch            -7.05436e-04 -1.80161e-04  0.00000e+00  0.00000e+00  2.70000e-02  8.32495e-04
  324hcm             -7.05436e-04 -1.80161e-04  0.00000e+00  0.00000e+00  2.70000e-02  8.32495e-04
  325vcm             -7.05436e-04 -1.80161e-04  0.00000e+00  0.00000e+00  2.70000e-02  8.32495e-04
  326dfch            -7.31749e-04 -1.80161e-04  0.00000e+00  0.00000e+00  2.70000e-02  8.32497e-04
  327ge              -7.31749e-04 -1.80161e-04  0.00000e+00  0.00000e+00  2.70000e-02  8.32497e-04
  328dl4b            -7.58063e-04 -1.80161e-04  0.00000e+00  0.00000e+00  2.70000e-02  8.32499e-04
  329gs              -7.58063e-04 -1.80161e-04  0.00000e+00  0.00000e+00  2.70000e-02  8.32499e-04
  330b1               2.38649e-03  2.64979e-03  0.00000e+00  0.00000e+00  2.70000e-02  8.57544e-04
  331dm1a             3.32824e-03  2.64979e-03  0.00000e+00  0.00000e+00  2.70000e-02  8.58759e-04
  332sq2h             3.71526e-03  2.64979e-03  0.00000e+00  0.00000e+00  2.70000e-02  8.59258e-04
  333hcm              3.71526e-03  2.64979e-03  0.00000e+00  0.00000e+00  2.70000e-02  8.59258e-04
  334vcm              3.71526e-03  2.64979e-03  0.00000e+00  0.00000e+00  2.70000e-02  8.59258e-04
  335sq2h             4.10228e-03  2.64979e-03  0.00000e+00  0.00000e+00  2.70000e-02  8.59757e-04
  336dm1b             4.90212e-03  2.64979e-03  0.00000e+00  0.00000e+00  2.70000e-02  8.60789e-04
  337ge               4.90212e-03  2.64979e-03  0.00000e+00  0.00000e+00  2.70000e-02  8.60789e-04
  338gs               4.90212e-03  2.64979e-03  0.00000e+00  0.00000e+00  2.70000e-02  8.60789e-04
  339om1              4.90212e-03  2.64600e-03  0.00000e+00  0.00000e+00  2.70000e-02  8.60789e-04
  340qm1              5.67515e-03  3.73177e-03  0.00000e+00  0.00000e+00  2.70000e-02  8.61996e-04
  341dm2a             6.40188e-03  3.73177e-03  0.00000e+00  0.00000e+00  2.70000e-02  8.63316e-04
  342sm1              7.13829e-03  3.83490e-03  0.00000e+00  0.00000e+00  2.70000e-02  8.64672e-04
  343dm2b             9.64012e-03  3.83490e-03  0.00000e+00  0.00000e+00  2.70000e-02  8.69343e-04
  344bpm              9.64012e-03  3.83490e-03  0.00000e+00  0.00000e+00  2.70000e-02  8.69343e-04
  345qm2              1.01564e-02  3.76562e-04  0.00000e+00  0.00000e+00  2.70000e-02  8.69994e-04
  346dm2c             1.02297e-02  3.76562e-04  0.00000e+00  0.00000e+00  2.70000e-02  8.70008e-04
  347sm2h             1.02655e-02  2.12409e-04  0.00000e+00  0.00000e+00  2.70000e-02  8.70013e-04
  348mp               1.02655e-02  2.12409e-04  0.00000e+00  0.00000e+00  2.70000e-02  8.70013e-04
  349sm2h             1.02814e-02  4.74271e-05  0.00000e+00  0.00000e+00  2.70000e-02  8.70014e-04
  350dm2c             1.02906e-02  4.74271e-05  0.00000e+00  0.00000e+00  2.70000e-02  8.70014e-04
  351qm2              9.87050e-03 -3.47460e-03  0.00000e+00  0.00000e+00  2.70000e-02  8.70490e-04
  352dm2b             7.60372e-03 -3.47460e-03  0.00000e+00  0.00000e+00  2.70000e-02  8.74325e-04
  353sm1              6.93900e-03 -3.35568e-03  0.00000e+00  0.00000e+00  2.70000e-02  8.75429e-04
  354dm2a             6.28551e-03 -3.35568e-03  0.00000e+00  0.00000e+00  2.70000e-02  8.76497e-04
  355qm1              5.62018e-03 -2.13354e-03  0.00000e+00  0.00000e+00  2.70000e-02  8.77397e-04
  356bpm              5.62018e-03 -2.13354e-03  0.00000e+00  0.00000e+00  2.70000e-02  8.77397e-04
  357dm1e             5.41243e-03 -2.13354e-03  0.00000e+00  0.00000e+00  2.70000e-02  8.77613e-04
  358dfch             5.10081e-03 -2.13354e-03  0.00000e+00  0.00000e+00  2.70000e-02  8.77937e-04
  359vcm              5.10081e-03 -2.13354e-03  0.00000e+00  0.00000e+00  2.70000e-02  8.77937e-04
  360hcm              5.10081e-03 -2.13354e-03  0.00000e+00  0.00000e+00  2.70000e-02  8.77937e-04
  361dfch             4.78919e-03 -2.13354e-03  0.00000e+00  0.00000e+00  2.70000e-02  8.78260e-04
  362ge               4.78919e-03 -2.13354e-03  0.00000e+00  0.00000e+00  2.70000e-02  8.78260e-04
  363gs               4.78919e-03 -2.13354e-03  0.00000e+00  0.00000e+00  2.70000e-02  8.78260e-04
  364dm1d             4.42564e-03 -2.13354e-03  0.00000e+00  0.00000e+00  2.70000e-02  8.78638e-04
  365dpw              4.01015e-03 -2.13354e-03  0.00000e+00  0.00000e+00  2.70000e-02  8.79070e-04
  366dm1c             3.59466e-03 -2.13354e-03  0.00000e+00  0.00000e+00  2.70000e-02  8.79501e-04
  367b1               1.76477e-03  6.96409e-04  0.00000e+00  0.00000e+00  2.70000e-02  1.09882e-03
  368ge               1.76477e-03  6.96409e-04  0.00000e+00  0.00000e+00  2.70000e-02  1.09882e-03
  369dh4c             1.88683e-03  6.96409e-04  0.00000e+00  0.00000e+00  2.70000e-02  1.09886e-03
  370gs               1.88683e-03  6.96409e-04  0.00000e+00  0.00000e+00  2.70000e-02  1.09886e-03
  371dfch             1.98854e-03  6.96409e-04  0.00000e+00  0.00000e+00  2.70000e-02  1.09890e-03
  372vcm              1.98854e-03  6.96409e-04  0.00000e+00  0.00000e+00  2.70000e-02  1.09890e-03
  373hcm              1.98854e-03  6.96409e-04  0.00000e+00  0.00000e+00  2.70000e-02  1.09890e-03
  374dfch             2.09026e-03  6.96409e-04  0.00000e+00  0.00000e+00  2.70000e-02  1.09893e-03
  375dh4b             2.15807e-03  6.96409e-04  0.00000e+00  0.00000e+00  2.70000e-02  1.09895e-03
  376sh4              2.29314e-03  6.90660e-04  0.00000e+00  0.00000e+00  2.70000e-02  1.09900e-03
  377dh4a             2.41083e-03  6.90660e-04  0.00000e+00  0.00000e+00  2.70000e-02  1.09904e-03
  378bpm              2.41083e-03  6.90660e-04  0.00000e+00  0.00000e+00  2.70000e-02  1.09904e-03
  379qh3              2.71393e-03  1.82211e-03  0.00000e+00  0.00000e+00  2.70000e-02  1.09924e-03
  380dh3b             3.05990e-03  1.82211e-03  0.00000e+00  0.00000e+00  2.70000e-02  1.09954e-03
  381sh3              3.41868e-03  1.86410e-03  0.00000e+00  0.00000e+00  2.70000e-02  1.09986e-03
  382dh3a             3.76355e-03  1.86410e-03  0.00000e+00  0.00000e+00  2.70000e-02  1.10018e-03
  383qh2              4.03589e-03 -4.92638e-04  0.00000e+00  0.00000e+00  2.70000e-02  1.10036e-03
  384dh2c             3.96393e-03 -4.92638e-04  0.00000e+00  0.00000e+00  2.70000e-02  1.10038e-03
  385sh2              3.86326e-03 -5.40849e-04  0.00000e+00  0.00000e+00  2.70000e-02  1.10040e-03
  386dh2b             3.78032e-03 -5.40849e-04  0.00000e+00  0.00000e+00  2.70000e-02  1.10042e-03
  387dsch             3.72766e-03 -5.40849e-04  0.00000e+00  0.00000e+00  2.70000e-02  1.10044e-03
  388vcm              3.72766e-03 -5.40849e-04  0.00000e+00  0.00000e+00  2.70000e-02  1.10044e-03
  389hcm              3.72766e-03 -5.40849e-04  0.00000e+00  0.00000e+00  2.70000e-02  1.10044e-03
  390dsch             3.67499e-03 -5.40849e-04  0.00000e+00  0.00000e+00  2.70000e-02  1.10045e-03
  391dh2a             3.59205e-03 -5.40849e-04  0.00000e+00  0.00000e+00  2.70000e-02  1.10047e-03
  392qh1              3.50013e-03 -2.15768e-04  0.00000e+00  0.00000e+00  2.70000e-02  1.10049e-03
  393bpm              3.50013e-03 -2.15768e-04  0.00000e+00  0.00000e+00  2.70000e-02  1.10049e-03
  394dh1a             3.46336e-03 -2.15768e-04  0.00000e+00  0.00000e+00  2.70000e-02  1.10049e-03
  395sh1              3.42134e-03 -2.15768e-04  0.00000e+00  0.00000e+00  2.70000e-02  1.10050e-03
  396ge               3.42134e-03 -2.15768e-04  0.00000e+00  0.00000e+00  2.70000e-02  1.10050e-03
  397gs               3.42134e-03 -2.15768e-04  0.00000e+00  0.00000e+00  2.70000e-02  1.10050e-03
  398dh0              2.44440e-03 -2.15768e-04  0.00000e+00  0.00000e+00  2.70000e-02  1.10060e-03
  399ls               2.44440e-03 -2.15768e-04  0.00000e+00  0.00000e+00  2.70000e-02  1.10060e-03
  400dh0              1.46746e-03 -2.15768e-04  0.00000e+00  0.00000e+00  2.70000e-02  1.10070e-03
  401ge               1.46746e-03 -2.15768e-04  0.00000e+00  0.00000e+00  2.70000e-02  1.10070e-03
  402gs               1.46746e-03 -2.15768e-04  0.00000e+00  0.00000e+00  2.70000e-02  1.10070e-03
  403sh1              1.42544e-03 -2.15768e-04  0.00000e+00  0.00000e+00  2.70000e-02  1.10071e-03
  404dh1a             1.38867e-03 -2.15768e-04  0.00000e+00  0.00000e+00  2.70000e-02  1.10071e-03
  405bpm              1.38867e-03 -2.15768e-04  0.00000e+00  0.00000e+00  2.70000e-02  1.10071e-03
  406qh1              1.35160e-03 -8.94036e-05  0.00000e+00  0.00000e+00  2.70000e-02  1.10072e-03
  407dh2a             1.33789e-03 -8.94036e-05  0.00000e+00  0.00000e+00  2.70000e-02  1.10072e-03
  408sq1h             1.32918e-03 -8.94036e-05  0.00000e+00  0.00000e+00  2.70000e-02  1.10072e-03
  409hcm              1.32918e-03 -8.94036e-05  0.00000e+00  0.00000e+00  2.70000e-02  1.10072e-03
  410vcm              1.32918e-03 -8.94036e-05  0.00000e+00  0.00000e+00  2.70000e-02  1.10072e-03
  411sq1h             1.32048e-03 -8.94036e-05  0.00000e+00  0.00000e+00  2.70000e-02  1.10072e-03
  412dh2b             1.30677e-03 -8.94036e-05  0.00000e+00  0.00000e+00  2.70000e-02  1.10072e-03
  413sh2              1.28884e-03 -9.47036e-05  0.00000e+00  0.00000e+00  2.70000e-02  1.10072e-03
  414dh2c             1.27501e-03 -9.47036e-05  0.00000e+00  0.00000e+00  2.70000e-02  1.10072e-03
  415qh2              1.09530e-03 -8.10277e-04  0.00000e+00  0.00000e+00  2.70000e-02  1.10077e-03
  416dh3a             9.45398e-04 -8.10277e-04  0.00000e+00  0.00000e+00  2.70000e-02  1.10083e-03
  417sh3              7.87914e-04 -8.07265e-04  0.00000e+00  0.00000e+00  2.70000e-02  1.10089e-03
  418dh3b             6.34636e-04 -8.07265e-04  0.00000e+00  0.00000e+00  2.70000e-02  1.10095e-03
  419qh3              4.69364e-04 -5.62893e-04  0.00000e+00  0.00000e+00  2.70000e-02  1.10100e-03
  420bpm              4.69364e-04 -5.62893e-04  0.00000e+00  0.00000e+00  2.70000e-02  1.10100e-03
  421dh4a             3.73447e-04 -5.62893e-04  0.00000e+00  0.00000e+00  2.70000e-02  1.10103e-03
  422sh4              2.63816e-04 -5.63012e-04  0.00000e+00  0.00000e+00  2.70000e-02  1.10106e-03
  423dh4b             2.08994e-04 -5.63012e-04  0.00000e+00  0.00000e+00  2.70000e-02  1.10108e-03
  424dfch             1.26763e-04 -5.63012e-04  0.00000e+00  0.00000e+00  2.70000e-02  1.10110e-03
  425hcm              1.26763e-04 -5.63012e-04  0.00000e+00  0.00000e+00  2.70000e-02  1.10110e-03
  426vcm              1.26763e-04 -5.63012e-04  0.00000e+00  0.00000e+00  2.70000e-02  1.10110e-03
  427dfch             4.45313e-05 -5.63012e-04  0.00000e+00  0.00000e+00  2.70000e-02  1.10112e-03
  428ge               4.45313e-05 -5.63012e-04  0.00000e+00  0.00000e+00  2.70000e-02  1.10112e-03
  429dh4c            -5.41465e-05 -5.63012e-04  0.00000e+00  0.00000e+00  2.70000e-02  1.10115e-03
  430gs              -5.41465e-05 -5.63012e-04  0.00000e+00  0.00000e+00  2.70000e-02  1.10115e-03
  431b1               2.11545e-03  2.26694e-03  0.00000e+00  0.00000e+00  2.70000e-02  1.14789e-03
  432dm1a             2.92113e-03  2.26694e-03  0.00000e+00  0.00000e+00  2.70000e-02  1.14878e-03
  433dfch             3.25223e-03  2.26694e-03  0.00000e+00  0.00000e+00  2.70000e-02  1.14914e-03
  434hcm              3.25223e-03  2.26694e-03  0.00000e+00  0.00000e+00  2.70000e-02  1.14914e-03
  435vcm              3.25223e-03  2.26694e-03  0.00000e+00  0.00000e+00  2.70000e-02  1.14914e-03
  436dfch             3.58333e-03  2.26694e-03  0.00000e+00  0.00000e+00  2.70000e-02  1.14951e-03
  437dm1b             4.26761e-03  2.26694e-03  0.00000e+00  0.00000e+00  2.70000e-02  1.15026e-03
  438ge               4.26761e-03  2.26694e-03  0.00000e+00  0.00000e+00  2.70000e-02  1.15026e-03
  439gs               4.26761e-03  2.26694e-03  0.00000e+00  0.00000e+00  2.70000e-02  1.15026e-03
  440qm1              4.93160e-03  3.21125e-03  0.00000e+00  0.00000e+00  2.70000e-02  1.15115e-03
  441dm2a             5.55697e-03  3.21125e-03  0.00000e+00  0.00000e+00  2.70000e-02  1.15213e-03
  442sm1              6.18962e-03  3.28887e-03  0.00000e+00  0.00000e+00  2.70000e-02  1.15313e-03
  443dm2b             8.33523e-03  3.28887e-03  0.00000e+00  0.00000e+00  2.70000e-02  1.15657e-03
  444bpm              8.33523e-03  3.28887e-03  0.00000e+00  0.00000e+00  2.70000e-02  1.15657e-03
  445qm2              8.77512e-03  2.99788e-04  0.00000e+00  0.00000e+00  2.70000e-02  1.15704e-03
  446dm2c             8.83350e-03  2.99788e-04  0.00000e+00  0.00000e+00  2.70000e-02  1.15705e-03
  447sm2h             8.86255e-03  1.77417e-04  0.00000e+00  0.00000e+00  2.70000e-02  1.15706e-03
  448mp               8.86255e-03  1.77417e-04  0.00000e+00  0.00000e+00  2.70000e-02  1.15706e-03
  449sm2h             8.87667e-03  5.44482e-05  0.00000e+00  0.00000e+00  2.70000e-02  1.15706e-03
  450dm2c             8.88727e-03  5.44482e-05  0.00000e+00  0.00000e+00  2.70000e-02  1.15706e-03
  451qm2              8.52770e-03 -2.98785e-03  0.00000e+00  0.00000e+00  2.70000e-02  1.15741e-03
  452dm2b             6.57847e-03 -2.98785e-03  0.00000e+00  0.00000e+00  2.70000e-02  1.16024e-03
  453sm1              6.00555e-03 -2.89880e-03  0.00000e+00  0.00000e+00  2.70000e-02  1.16106e-03
  454dm2a             5.44103e-03 -2.89880e-03  0.00000e+00  0.00000e+00  2.70000e-02  1.16186e-03
  455qm1              4.86657e-03 -1.84071e-03  0.00000e+00  0.00000e+00  2.70000e-02  1.16253e-03
  456bpm              4.86657e-03 -1.84071e-03  0.00000e+00  0.00000e+00  2.70000e-02  1.16253e-03
  457om1              4.86657e-03 -1.84443e-03  0.00000e+00  0.00000e+00  2.70000e-02  1.16253e-03
  458dm1e             4.68697e-03 -1.84443e-03  0.00000e+00  0.00000e+00  2.70000e-02  1.16269e-03
  459dfch             4.41758e-03 -1.84443e-03  0.00000e+00  0.00000e+00  2.70000e-02  1.16293e-03
  460vcm              4.41758e-03 -1.84443e-03  0.00000e+00  0.00000e+00  2.70000e-02  1.16293e-03
  461hcm              4.41758e-03 -1.84443e-03  0.00000e+00  0.00000e+00  2.70000e-02  1.16293e-03
  462dfch             4.14819e-03 -1.84443e-03  0.00000e+00  0.00000e+00  2.70000e-02  1.16318e-03
  463ge               4.14819e-03 -1.84443e-03  0.00000e+00  0.00000e+00  2.70000e-02  1.16318e-03
  464gs               4.14819e-03 -1.84443e-03  0.00000e+00  0.00000e+00  2.70000e-02  1.16318e-03
  465dm1d             3.83390e-03 -1.84443e-03  0.00000e+00  0.00000e+00  2.70000e-02  1.16346e-03
  466dpw              3.47471e-03 -1.84443e-03  0.00000e+00  0.00000e+00  2.70000e-02  1.16378e-03
  467dm1c             3.11552e-03 -1.84443e-03  0.00000e+00  0.00000e+00  2.70000e-02  1.16410e-03
  468b1               2.02187e-03  9.85517e-04  0.00000e+00  0.00000e+00  2.70000e-02  1.37138e-03
  469ge               2.02187e-03  9.85517e-04  0.00000e+00  0.00000e+00  2.70000e-02  1.37138e-03
  470dl4b             2.16581e-03  9.85517e-04  0.00000e+00  0.00000e+00  2.70000e-02  1.37145e-03
  471gs               2.16581e-03  9.85517e-04  0.00000e+00  0.00000e+00  2.70000e-02  1.37145e-03
  472dfch             2.30975e-03  9.85517e-04  0.00000e+00  0.00000e+00  2.70000e-02  1.37151e-03
  473vcm              2.30975e-03  9.85517e-04  0.00000e+00  0.00000e+00  2.70000e-02  1.37151e-03
  474hcm              2.30975e-03  9.85517e-04  0.00000e+00  0.00000e+00  2.70000e-02  1.37151e-03
  475dfch             2.45369e-03  9.85517e-04  0.00000e+00  0.00000e+00  2.70000e-02  1.37158e-03
  476dl4a             2.59763e-03  9.85517e-04  0.00000e+00  0.00000e+00  2.70000e-02  1.37165e-03
  477bpm              2.59763e-03  9.85517e-04  0.00000e+00  0.00000e+00  2.70000e-02  1.37165e-03
  478ql3              2.96389e-03  2.04709e-03  0.00000e+00  0.00000e+00  2.70000e-02  1.37193e-03
  479dl3b             3.26288e-03  2.04709e-03  0.00000e+00  0.00000e+00  2.70000e-02  1.37223e-03
  480sl3              3.66603e-03  2.09513e-03  0.00000e+00  0.00000e+00  2.70000e-02  1.37264e-03
  481dl3a             4.96881e-03  2.09513e-03  0.00000e+00  0.00000e+00  2.70000e-02  1.37396e-03
  482ql2              4.98319e-03 -2.02322e-03  0.00000e+00  0.00000e+00  2.70000e-02  1.37424e-03
  483dl2c             4.49068e-03 -2.02322e-03  0.00000e+00  0.00000e+00  2.70000e-02  1.37472e-03
  484sl2              4.09081e-03 -2.08157e-03  0.00000e+00  0.00000e+00  2.70000e-02  1.37512e-03
  485dl2b             3.81212e-03 -2.08157e-03  0.00000e+00  0.00000e+00  2.70000e-02  1.37540e-03
  486dsch             3.60944e-03 -2.08157e-03  0.00000e+00  0.00000e+00  2.70000e-02  1.37561e-03
  487vcm              3.60944e-03 -2.08157e-03  0.00000e+00  0.00000e+00  2.70000e-02  1.37561e-03
  488hcm              3.60944e-03 -2.08157e-03  0.00000e+00  0.00000e+00  2.70000e-02  1.37561e-03
  489dsch             3.40675e-03 -2.08157e-03  0.00000e+00  0.00000e+00  2.70000e-02  1.37581e-03
  490dl2a             3.12806e-03 -2.08157e-03  0.00000e+00  0.00000e+00  2.70000e-02  1.37610e-03
  491ql1              2.79074e-03 -7.16021e-04  0.00000e+00  0.00000e+00  2.70000e-02  1.37634e-03
  492bpm              2.79074e-03 -7.16021e-04  0.00000e+00  0.00000e+00  2.70000e-02  1.37634e-03
  493dl1a             2.66873e-03 -7.16021e-04  0.00000e+00  0.00000e+00  2.70000e-02  1.37638e-03
  494sl1              2.52975e-03 -7.11414e-04  0.00000e+00  0.00000e+00  2.70000e-02  1.37643e-03
  495ge               2.52975e-03 -7.11414e-04  0.00000e+00  0.00000e+00  2.70000e-02  1.37643e-03
  496gs               2.52975e-03 -7.11414e-04  0.00000e+00  0.00000e+00  2.70000e-02  1.37643e-03
  497dl0              2.43800e-04 -7.11414e-04  0.00000e+00  0.00000e+00  2.70000e-02  1.37722e-03
  498ss               2.43800e-04 -7.11414e-04  0.00000e+00  0.00000e+00  2.70000e-02  1.37722e-03
  499dl0             -2.04215e-03 -7.11414e-04  0.00000e+00  0.00000e+00  2.70000e-02  1.37802e-03
  500ge              -2.04215e-03 -7.11414e-04  0.00000e+00  0.00000e+00  2.70000e-02  1.37802e-03
  501gs              -2.04215e-03 -7.11414e-04  0.00000e+00  0.00000e+00  2.70000e-02  1.37802e-03
  502sl1             -2.18040e-03 -7.08375e-04  0.00000e+00  0.00000e+00  2.70000e-02  1.37806e-03
  503dl1a            -2.30111e-03 -7.08375e-04  0.00000e+00  0.00000e+00  2.70000e-02  1.37811e-03
  504bpm             -2.30111e-03 -7.08375e-04  0.00000e+00  0.00000e+00  2.70000e-02  1.37811e-03
  505ql1             -2.60857e-03 -1.84161e-03  0.00000e+00  0.00000e+00  2.70000e-02  1.37831e-03
  506dl2a            -2.85514e-03 -1.84161e-03  0.00000e+00  0.00000e+00  2.70000e-02  1.37853e-03
  507dsch            -3.03445e-03 -1.84161e-03  0.00000e+00  0.00000e+00  2.70000e-02  1.37869e-03
  508hcm             -3.03445e-03 -1.84161e-03  0.00000e+00  0.00000e+00  2.70000e-02  1.37869e-03
  509vcm             -3.03445e-03 -1.84161e-03  0.00000e+00  0.00000e+00  2.70000e-02  1.37869e-03
  510dsch            -3.21377e-03 -1.84161e-03  0.00000e+00  0.00000e+00  2.70000e-02  1.37885e-03
  511dl2b            -3.46034e-03 -1.84161e-03  0.00000e+00  0.00000e+00  2.70000e-02  1.37907e-03
  512sl2             -3.82293e-03 -1.88360e-03  0.00000e+00  0.00000e+00  2.70000e-02  1.37940e-03
  513dl2c            -4.28145e-03 -1.88360e-03  0.00000e+00  0.00000e+00  2.70000e-02  1.37982e-03
  514ql2             -4.32223e-03  1.67971e-03  0.00000e+00  0.00000e+00  2.70000e-02  1.38002e-03
  515dl3a            -3.27777e-03  1.67971e-03  0.00000e+00  0.00000e+00  2.70000e-02  1.38088e-03
  516sl3             -2.94675e-03  1.71850e-03  0.00000e+00  0.00000e+00  2.70000e-02  1.38115e-03
  517dl3b            -2.69575e-03  1.71850e-03  0.00000e+00  0.00000e+00  2.70000e-02  1.38136e-03
  518ql3             -2.39805e-03  7.46443e-04  0.00000e+00  0.00000e+00  2.70000e-02  1.38155e-03
  519bpm             -2.39805e-03  7.46443e-04  0.00000e+00  0.00000e+00  2.70000e-02  1.38155e-03
  520dl4a            -2.28903e-03  7.46443e-04  0.00000e+00  0.00000e+00  2.70000e-02  1.38159e-03
  521dfch            -2.18001e-03  7.46443e-04  0.00000e+00  0.00000e+00  2.70000e-02  1.38163e-03
  522hcm             -2.18001e-03  7.46443e-04  0.00000e+00  0.00000e+00  2.70000e-02  1.38163e-03
  523vcm             -2.18001e-03  7.46443e-04  0.00000e+00  0.00000e+00  2.70000e-02  1.38163e-03
  524dfch            -2.07098e-03  7.46443e-04  0.00000e+00  0.00000e+00  2.70000e-02  1.38167e-03
  525ge              -2.07098e-03  7.46443e-04  0.00000e+00  0.00000e+00  2.70000e-02  1.38167e-03
  526dl4b            -1.96196e-03  7.46443e-04  0.00000e+00  0.00000e+00  2.70000e-02  1.38171e-03
  527gs              -1.96196e-03  7.46443e-04  0.00000e+00  0.00000e+00  2.70000e-02  1.38171e-03
  528b1               3.54227e-03  3.57639e-03  0.00000e+00  0.00000e+00  2.70000e-02  1.40812e-03
  529dm1a             4.81334e-03  3.57639e-03  0.00000e+00  0.00000e+00  2.70000e-02  1.41034e-03
  530sq2h             5.33569e-03  3.57639e-03  0.00000e+00  0.00000e+00  2.70000e-02  1.41125e-03
  531hcm              5.33569e-03  3.57639e-03  0.00000e+00  0.00000e+00  2.70000e-02  1.41125e-03
  532vcm              5.33569e-03  3.57639e-03  0.00000e+00  0.00000e+00  2.70000e-02  1.41125e-03
  533sq2h             5.85805e-03  3.57639e-03  0.00000e+00  0.00000e+00  2.70000e-02  1.41216e-03
  534dm1b             6.93758e-03  3.57639e-03  0.00000e+00  0.00000e+00  2.70000e-02  1.41404e-03
  535ge               6.93758e-03  3.57639e-03  0.00000e+00  0.00000e+00  2.70000e-02  1.41404e-03
  536gs               6.93758e-03  3.57639e-03  0.00000e+00  0.00000e+00  2.70000e-02  1.41404e-03
  537om1              6.93758e-03  3.56745e-03  0.00000e+00  0.00000e+00  2.70000e-02  1.41404e-03
  538qm1              7.98809e-03  5.09960e-03  0.00000e+00  0.00000e+00  2.70000e-02  1.41627e-03
  539dm2a             8.98120e-03  5.09960e-03  0.00000e+00  0.00000e+00  2.70000e-02  1.41873e-03
  540sm1              9.99331e-03  5.30206e-03  0.00000e+00  0.00000e+00  2.70000e-02  1.42129e-03
  541dm2b             1.34523e-02  5.30206e-03  0.00000e+00  0.00000e+00  2.70000e-02  1.43022e-03
  542bpm              1.34523e-02  5.30206e-03  0.00000e+00  0.00000e+00  2.70000e-02  1.43022e-03
  543qm2              1.41608e-02  4.78202e-04  0.00000e+00  0.00000e+00  2.70000e-02  1.43146e-03
  544dm2c             1.42540e-02  4.78202e-04  0.00000e+00  0.00000e+00  2.70000e-02  1.43148e-03
  545sm2h             1.42928e-02  1.59700e-04  0.00000e+00  0.00000e+00  2.70000e-02  1.43148e-03
  546mp               1.42928e-02  1.59700e-04  0.00000e+00  0.00000e+00  2.70000e-02  1.43148e-03
  547sm2h             1.42928e-02 -1.59669e-04  0.00000e+00  0.00000e+00  2.70000e-02  1.43149e-03
  548dm2c             1.42617e-02 -1.59669e-04  0.00000e+00  0.00000e+00  2.70000e-02  1.43149e-03
  549qm2              1.36254e-02 -5.03139e-03  0.00000e+00  0.00000e+00  2.70000e-02  1.43253e-03
  550dm2b             1.03430e-02 -5.03139e-03  0.00000e+00  0.00000e+00  2.70000e-02  1.44057e-03
  551sm1              9.38517e-03 -4.81256e-03  0.00000e+00  0.00000e+00  2.70000e-02  1.44287e-03
  552dm2a             8.44796e-03 -4.81256e-03  0.00000e+00  0.00000e+00  2.70000e-02  1.44506e-03
  553qm1              7.47950e-03 -3.17758e-03  0.00000e+00  0.00000e+00  2.70000e-02  1.44696e-03
  554bpm              7.47950e-03 -3.17758e-03  0.00000e+00  0.00000e+00  2.70000e-02  1.44696e-03
  555dm1e             7.17009e-03 -3.17758e-03  0.00000e+00  0.00000e+00  2.70000e-02  1.44744e-03
  556dfch             6.70598e-03 -3.17758e-03  0.00000e+00  0.00000e+00  2.70000e-02  1.44816e-03
  557vcm              6.70598e-03 -3.17758e-03  0.00000e+00  0.00000e+00  2.70000e-02  1.44816e-03
  558hcm              6.70598e-03 -3.17758e-03  0.00000e+00  0.00000e+00  2.70000e-02  1.44816e-03
  559dfch             6.24188e-03 -3.17758e-03  0.00000e+00  0.00000e+00  2.70000e-02  1.44888e-03
  560ge               6.24188e-03 -3.17758e-03  0.00000e+00  0.00000e+00  2.70000e-02  1.44888e-03
  561gs               6.24188e-03 -3.17758e-03  0.00000e+00  0.00000e+00  2.70000e-02  1.44888e-03
  562dm1d             5.70042e-03 -3.17758e-03  0.00000e+00  0.00000e+00  2.70000e-02  1.44972e-03
  563dpw              5.08161e-03 -3.17758e-03  0.00000e+00  0.00000e+00  2.70000e-02  1.45067e-03
  564dm1c             4.46280e-03 -3.17758e-03  0.00000e+00  0.00000e+00  2.70000e-02  1.45163e-03
  565b1              -2.58219e-05 -3.47631e-04  0.00000e+00  0.00000e+00  2.70000e-02  1.62582e-03
  566ge              -2.58219e-05 -3.47631e-04  0.00000e+00  0.00000e+00  2.70000e-02  1.62582e-03
  567dh4c            -8.67504e-05 -3.47631e-04  0.00000e+00  0.00000e+00  2.70000e-02  1.62583e-03
  568gs              -8.67504e-05 -3.47631e-04  0.00000e+00  0.00000e+00  2.70000e-02  1.62583e-03
  569dfch            -1.37524e-04 -3.47631e-04  0.00000e+00  0.00000e+00  2.70000e-02  1.62584e-03
  570vcm             -1.37524e-04 -3.47631e-04  0.00000e+00  0.00000e+00  2.70000e-02  1.62584e-03
  571hcm             -1.37524e-04 -3.47631e-04  0.00000e+00  0.00000e+00  2.70000e-02  1.62584e-03
  572dfch            -1.88298e-04 -3.47631e-04  0.00000e+00  0.00000e+00  2.70000e-02  1.62584e-03
  573dh4b            -2.22147e-04 -3.47631e-04  0.00000e+00  0.00000e+00  2.70000e-02  1.62585e-03
  574sh4             -2.89852e-04 -3.47708e-04  0.00000e+00  0.00000e+00  2.70000e-02  1.62586e-03
  575dh4a            -3.49102e-04 -3.47708e-04  0.00000e+00  0.00000e+00  2.70000e-02  1.62587e-03
  576bpm             -3.49102e-04 -3.47708e-04  0.00000e+00  0.00000e+00  2.70000e-02  1.62587e-03
  577qh3             -4.54358e-04 -5.24876e-04  0.00000e+00  0.00000e+00  2.70000e-02  1.62589e-03
  578dh3b            -5.54018e-04 -5.24876e-04  0.00000e+00  0.00000e+00  2.70000e-02  1.62592e-03
  579sh3             -6.56099e-04 -5.23408e-04  0.00000e+00  0.00000e+00  2.70000e-02  1.62595e-03
  580dh3a            -7.52932e-04 -5.23408e-04  0.00000e+00  0.00000e+00  2.70000e-02  1.62597e-03
  581qh2             -8.63678e-04 -3.42828e-05  0.00000e+00  0.00000e+00  2.70000e-02  1.62599e-03
  582dh2c            -8.68685e-04 -3.42828e-05  0.00000e+00  0.00000e+00  2.70000e-02  1.62599e-03
  583sh2             -8.75594e-04 -3.66757e-05  0.00000e+00  0.00000e+00  2.70000e-02  1.62599e-03
  584dh2b            -8.81219e-04 -3.66757e-05  0.00000e+00  0.00000e+00  2.70000e-02  1.62599e-03
  585dsch            -8.84790e-04 -3.66757e-05  0.00000e+00  0.00000e+00  2.70000e-02  1.62599e-03
  586vcm             -8.84790e-04 -3.66757e-05  0.00000e+00  0.00000e+00  2.70000e-02  1.62599e-03
  587hcm             -8.84790e-04 -3.66757e-05  0.00000e+00  0.00000e+00  2.70000e-02  1.62599e-03
  588dsch            -8.88361e-04 -3.66757e-05  0.00000e+00  0.00000e+00  2.70000e-02  1.62599e-03
  589dh2a            -8.93986e-04 -3.66757e-05  0.00000e+00  0.00000e+00  2.70000e-02  1.62599e-03
  590qh1             -9.12906e-04 -1.19059e-04  0.00000e+00  0.00000e+00  2.70000e-02  1.62599e-03
  591bpm             -9.12906e-04 -1.19059e-04  0.00000e+00  0.00000e+00  2.70000e-02  1.62599e-03
  592dh1a            -9.33193e-04 -1.19059e-04  0.00000e+00  0.00000e+00  2.70000e-02  1.62599e-03
  593sh1             -9.56379e-04 -1.19059e-04  0.00000e+00  0.00000e+00  2.70000e-02  1.62599e-03
  594ge              -9.56379e-04 -1.19059e-04  0.00000e+00  0.00000e+00  2.70000e-02  1.62599e-03
  595gs              -9.56379e-04 -1.19059e-04  0.00000e+00  0.00000e+00  2.70000e-02  1.62599e-03
  596dh0             -1.49545e-03 -1.19059e-04  0.00000e+00  0.00000e+00  2.70000e-02  1.62602e-03
  597ls              -1.49545e-03 -1.19059e-04  0.00000e+00  0.00000e+00  2.70000e-02  1.62602e-03
  598dh0             -2.03452e-03 -1.19059e-04  0.00000e+00  0.00000e+00  2.70000e-02  1.62606e-03
  599ge              -2.03452e-03 -1.19059e-04  0.00000e+00  0.00000e+00  2.70000e-02  1.62606e-03
  600gs              -2.03452e-03 -1.19059e-04  0.00000e+00  0.00000e+00  2.70000e-02  1.62606e-03
  601sh1             -2.05771e-03 -1.19059e-04  0.00000e+00  0.00000e+00  2.70000e-02  1.62606e-03
  602dh1a            -2.07799e-03 -1.19059e-04  0.00000e+00  0.00000e+00  2.70000e-02  1.62606e-03
  603bpm             -2.07799e-03 -1.19059e-04  0.00000e+00  0.00000e+00  2.70000e-02  1.62606e-03
  604qh1             -2.13032e-03 -3.11675e-04  0.00000e+00  0.00000e+00  2.70000e-02  1.62606e-03
  605dh2a            -2.17812e-03 -3.11675e-04  0.00000e+00  0.00000e+00  2.70000e-02  1.62607e-03
  606sq1h            -2.20847e-03 -3.11675e-04  0.00000e+00  0.00000e+00  2.70000e-02  1.62608e-03
  607hcm             -2.20847e-03 -3.11675e-04  0.00000e+00  0.00000e+00  2.70000e-02  1.62608e-03
  608vcm             -2.20847e-03 -3.11675e-04  0.00000e+00  0.00000e+00  2.70000e-02  1.62608e-03
  609sq1h            -2.23882e-03 -3.11675e-04  0.00000e+00  0.00000e+00  2.70000e-02  1.62608e-03
  610dh2b            -2.28662e-03 -3.11675e-04  0.00000e+00  0.00000e+00  2.70000e-02  1.62609e-03
  611sh2             -2.34894e-03 -3.28574e-04  0.00000e+00  0.00000e+00  2.70000e-02  1.62610e-03
  612dh2c            -2.39693e-03 -3.28574e-04  0.00000e+00  0.00000e+00  2.70000e-02  1.62611e-03
  613qh2             -2.24848e-03  1.07615e-03  0.00000e+00  0.00000e+00  2.70000e-02  1.62616e-03
  614dh3a            -2.04939e-03  1.07615e-03  0.00000e+00  0.00000e+00  2.70000e-02  1.62627e-03
  615sh3             -1.83829e-03  1.09128e-03  0.00000e+00  0.00000e+00  2.70000e-02  1.62638e-03
  616dh3b            -1.63109e-03  1.09128e-03  0.00000e+00  0.00000e+00  2.70000e-02  1.62649e-03
  617qh3             -1.44992e-03  4.10605e-04  0.00000e+00  0.00000e+00  2.70000e-02  1.62656e-03
  618bpm             -1.44992e-03  4.10605e-04  0.00000e+00  0.00000e+00  2.70000e-02  1.62656e-03
  619dh4a            -1.37995e-03  4.10605e-04  0.00000e+00  0.00000e+00  2.70000e-02  1.62657e-03
  620sh4             -1.30020e-03  4.08521e-04  0.00000e+00  0.00000e+00  2.70000e-02  1.62659e-03
  621dh4b            -1.26042e-03  4.08521e-04  0.00000e+00  0.00000e+00  2.70000e-02  1.62660e-03
  622dfch            -1.20075e-03  4.08521e-04  0.00000e+00  0.00000e+00  2.70000e-02  1.62661e-03
  623hcm             -1.20075e-03  4.08521e-04  0.00000e+00  0.00000e+00  2.70000e-02  1.62661e-03
  624vcm             -1.20075e-03  4.08521e-04  0.00000e+00  0.00000e+00  2.70000e-02  1.62661e-03
  625dfch            -1.14109e-03  4.08521e-04  0.00000e+00  0.00000e+00  2.70000e-02  1.62662e-03
  626ge              -1.14109e-03  4.08521e-04  0.00000e+00  0.00000e+00  2.70000e-02  1.62662e-03
  627dh4c            -1.06949e-03  4.08521e-04  0.00000e+00  0.00000e+00  2.70000e-02  1.62664e-03
  628gs              -1.06949e-03  4.08521e-04  0.00000e+00  0.00000e+00  2.70000e-02  1.62664e-03
  629b1               3.57420e-03  3.23847e-03  0.00000e+00  0.00000e+00  2.70000e-02  1.69983e-03
  630dm1a             4.72517e-03  3.23847e-03  0.00000e+00  0.00000e+00  2.70000e-02  1.70164e-03
  631dfch             5.19817e-03  3.23847e-03  0.00000e+00  0.00000e+00  2.70000e-02  1.70239e-03
  632hcm              5.19817e-03  3.23847e-03  0.00000e+00  0.00000e+00  2.70000e-02  1.70239e-03
  633vcm              5.19817e-03  3.23847e-03  0.00000e+00  0.00000e+00  2.70000e-02  1.70239e-03
  634dfch             5.67117e-03  3.23847e-03  0.00000e+00  0.00000e+00  2.70000e-02  1.70314e-03
  635dm1b             6.64870e-03  3.23847e-03  0.00000e+00  0.00000e+00  2.70000e-02  1.70468e-03
  636ge               6.64870e-03  3.23847e-03  0.00000e+00  0.00000e+00  2.70000e-02  1.70468e-03
  637gs               6.64870e-03  3.23847e-03  0.00000e+00  0.00000e+00  2.70000e-02  1.70468e-03
  638qm1              7.61117e-03  4.70227e-03  0.00000e+00  0.00000e+00  2.70000e-02  1.70655e-03
  639dm2a             8.52690e-03  4.70227e-03  0.00000e+00  0.00000e+00  2.70000e-02  1.70865e-03
  640sm1              9.45974e-03  4.88420e-03  0.00000e+00  0.00000e+00  2.70000e-02  1.71082e-03
  641dm2b             1.26461e-02  4.88420e-03  0.00000e+00  0.00000e+00  2.70000e-02  1.71840e-03
  642bpm              1.26461e-02  4.88420e-03  0.00000e+00  0.00000e+00  2.70000e-02  1.71840e-03
  643qm2              1.32882e-02  3.53629e-04  0.00000e+00  0.00000e+00  2.70000e-02  1.71943e-03
  644dm2c             1.33570e-02  3.53629e-04  0.00000e+00  0.00000e+00  2.70000e-02  1.71944e-03
  645sm2h             1.33831e-02  7.41743e-05  0.00000e+00  0.00000e+00  2.70000e-02  1.71944e-03
  646mp               1.33831e-02  7.41743e-05  0.00000e+00  0.00000e+00  2.70000e-02  1.71944e-03
  647sm2h             1.33751e-02 -2.05658e-04  0.00000e+00  0.00000e+00  2.70000e-02  1.71944e-03
  648dm2c             1.33350e-02 -2.05658e-04  0.00000e+00  0.00000e+00  2.70000e-02  1.71945e-03
  649qm2              1.27265e-02 -4.75846e-03  0.00000e+00  0.00000e+00  2.70000e-02  1.72039e-03
  650dm2b             9.62217e-03 -4.75846e-03  0.00000e+00  0.00000e+00  2.70000e-02  1.72758e-03
  651sm1              8.71452e-03 -4.56940e-03  0.00000e+00  0.00000e+00  2.70000e-02  1.72964e-03
  652dm2a             7.82466e-03 -4.56940e-03  0.00000e+00  0.00000e+00  2.70000e-02  1.73162e-03
  653qm1              6.90018e-03 -3.05787e-03  0.00000e+00  0.00000e+00  2.70000e-02  1.73336e-03
  654bpm              6.90018e-03 -3.05787e-03  0.00000e+00  0.00000e+00  2.70000e-02  1.73336e-03
  655om1              6.90018e-03 -3.06669e-03  0.00000e+00  0.00000e+00  2.70000e-02  1.73336e-03
  656dm1e             6.60158e-03 -3.06669e-03  0.00000e+00  0.00000e+00  2.70000e-02  1.73380e-03
  657dfch             6.15367e-03 -3.06669e-03  0.00000e+00  0.00000e+00  2.70000e-02  1.73447e-03
  658vcm              6.15367e-03 -3.06669e-03  0.00000e+00  0.00000e+00  2.70000e-02  1.73447e-03
  659hcm              6.15367e-03 -3.06669e-03  0.00000e+00  0.00000e+00  2.70000e-02  1.73447e-03
  660dfch             5.70576e-03 -3.06669e-03  0.00000e+00  0.00000e+00  2.70000e-02  1.73514e-03
  661ge               5.70576e-03 -3.06669e-03  0.00000e+00  0.00000e+00  2.70000e-02  1.73514e-03
  662gs               5.70576e-03 -3.06669e-03  0.00000e+00  0.00000e+00  2.70000e-02  1.73514e-03
  663dm1d             5.18319e-03 -3.06669e-03  0.00000e+00  0.00000e+00  2.70000e-02  1.73592e-03
  664dpw              4.58598e-03 -3.06669e-03  0.00000e+00  0.00000e+00  2.70000e-02  1.73681e-03
  665dm1c             3.98877e-03 -3.06669e-03  0.00000e+00  0.00000e+00  2.70000e-02  1.73770e-03
  666b1              -2.17470e-04 -2.36742e-04  0.00000e+00  0.00000e+00  2.70000e-02  1.87653e-03
  667ge              -2.17470e-04 -2.36742e-04  0.00000e+00  0.00000e+00  2.70000e-02  1.87653e-03
  668dl4b            -2.52048e-04 -2.36742e-04  0.00000e+00  0.00000e+00  2.70000e-02  1.87654e-03
  669gs              -2.52048e-04 -2.36742e-04  0.00000e+00  0.00000e+00  2.70000e-02  1.87654e-03
  670dfch            -2.86625e-04 -2.36742e-04  0.00000e+00  0.00000e+00  2.70000e-02  1.87654e-03
  671vcm             -2.86625e-04 -2.36742e-04  0.00000e+00  0.00000e+00  2.70000e-02  1.87654e-03
  672hcm             -2.86625e-04 -2.36742e-04  0.00000e+00  0.00000e+00  2.70000e-02  1.87654e-03
  673dfch            -3.21203e-04 -2.36742e-04  0.00000e+00  0.00000e+00  2.70000e-02  1.87655e-03
  674dl4a            -3.55781e-04 -2.36742e-04  0.00000e+00  0.00000e+00  2.70000e-02  1.87655e-03
  675bpm             -3.55781e-04 -2.36742e-04  0.00000e+00  0.00000e+00  2.70000e-02  1.87655e-03
  676ql3             -4.31050e-04 -3.86475e-04  0.00000e+00  0.00000e+00  2.70000e-02  1.87656e-03
  677dl3b            -4.87497e-04 -3.86475e-04  0.00000e+00  0.00000e+00  2.70000e-02  1.87657e-03
  678sl3             -5.62658e-04 -3.85370e-04  0.00000e+00  0.00000e+00  2.70000e-02  1.87659e-03
  679dl3a            -8.02285e-04 -3.85370e-04  0.00000e+00  0.00000e+00  2.70000e-02  1.87663e-03
  680ql2             -8.21888e-04  2.87357e-04  0.00000e+00  0.00000e+00  2.70000e-02  1.87664e-03
  681dl2c            -7.51938e-04  2.87357e-04  0.00000e+00  0.00000e+00  2.70000e-02  1.87665e-03
  682sl2             -6.96143e-04  2.85696e-04  0.00000e+00  0.00000e+00  2.70000e-02  1.87666e-03
  683dl2b            -6.57893e-04  2.85696e-04  0.00000e+00  0.00000e+00  2.70000e-02  1.87666e-03
  684dsch            -6.30074e-04  2.85696e-04  0.00000e+00  0.00000e+00  2.70000e-02  1.87667e-03
  685vcm             -6.30074e-04  2.85696e-04  0.00000e+00  0.00000e+00  2.70000e-02  1.87667e-03
  686hcm             -6.30074e-04  2.85696e-04  0.00000e+00  0.00000e+00  2.70000e-02  1.87667e-03
  687dsch            -6.02256e-04  2.85696e-04  0.00000e+00  0.00000e+00  2.70000e-02  1.87667e-03
  688dl2a            -5.64005e-04  2.85696e-04  0.00000e+00  0.00000e+00  2.70000e-02  1.87667e-03
  689ql1             -5.25381e-04  3.46267e-05  0.00000e+00  0.00000e+00  2.70000e-02  1.87668e-03
  690bpm             -5.25381e-04  3.46267e-05  0.00000e+00  0.00000e+00  2.70000e-02  1.87668e-03
  691dl1a            -5.19481e-04  3.46267e-05  0.00000e+00  0.00000e+00  2.70000e-02  1.87668e-03
  692sl1             -5.12720e-04  3.48083e-05  0.00000e+00  0.00000e+00  2.70000e-02  1.87668e-03
  693ge              -5.12720e-04  3.48083e-05  0.00000e+00  0.00000e+00  2.70000e-02  1.87668e-03
  694gs              -5.12720e-04  3.48083e-05  0.00000e+00  0.00000e+00  2.70000e-02  1.87668e-03
  695dl0             -4.00873e-04  3.48083e-05  0.00000e+00  0.00000e+00  2.70000e-02  1.87668e-03
  696ss              -4.00873e-04  3.48083e-05  0.00000e+00  0.00000e+00  2.70000e-02  1.87668e-03
  697dl0             -2.89025e-04  3.48083e-05  0.00000e+00  0.00000e+00  2.70000e-02  1.87668e-03
  698ge              -2.89025e-04  3.48083e-05  0.00000e+00  0.00000e+00  2.70000e-02  1.87668e-03
  699gs              -2.89025e-04  3.48083e-05  0.00000e+00  0.00000e+00  2.70000e-02  1.87668e-03
  700sl1             -2.82241e-04  3.48639e-05  0.00000e+00  0.00000e+00  2.70000e-02  1.87668e-03
  701dl1a            -2.76300e-04  3.48639e-05  0.00000e+00  0.00000e+00  2.70000e-02  1.87668e-03
  702bpm             -2.76300e-04  3.48639e-05  0.00000e+00  0.00000e+00  2.70000e-02  1.87668e-03
  703ql1             -2.83448e-04 -9.41430e-05  0.00000e+00  0.00000e+00  2.70000e-02  1.87668e-03
  704dl2a            -2.96052e-04 -9.41430e-05  0.00000e+00  0.00000e+00  2.70000e-02  1.87668e-03
  705dsch            -3.05219e-04 -9.41430e-05  0.00000e+00  0.00000e+00  2.70000e-02  1.87668e-03
  706hcm             -3.05219e-04 -9.41430e-05  0.00000e+00  0.00000e+00  2.70000e-02  1.87668e-03
  707vcm             -3.05219e-04 -9.41430e-05  0.00000e+00  0.00000e+00  2.70000e-02  1.87668e-03
  708dsch            -3.14386e-04 -9.41430e-05  0.00000e+00  0.00000e+00  2.70000e-02  1.87668e-03
  709dl2b            -3.26990e-04 -9.41430e-05  0.00000e+00  0.00000e+00  2.70000e-02  1.87669e-03
  710sl2             -3.45358e-04 -9.45008e-05  0.00000e+00  0.00000e+00  2.70000e-02  1.87669e-03
  711dl2c            -3.68362e-04 -9.45008e-05  0.00000e+00  0.00000e+00  2.70000e-02  1.87669e-03
  712ql2             -3.46912e-04  2.01747e-04  0.00000e+00  0.00000e+00  2.70000e-02  1.87669e-03
  713dl3a            -2.21464e-04  2.01747e-04  0.00000e+00  0.00000e+00  2.70000e-02  1.87670e-03
  714sl3             -1.82158e-04  2.01910e-04  0.00000e+00  0.00000e+00  2.70000e-02  1.87671e-03
  715dl3b            -1.52668e-04  2.01910e-04  0.00000e+00  0.00000e+00  2.70000e-02  1.87671e-03
  716ql3             -1.09932e-04  1.51939e-04  0.00000e+00  0.00000e+00  2.70000e-02  1.87671e-03
  717bpm             -1.09932e-04  1.51939e-04  0.00000e+00  0.00000e+00  2.70000e-02  1.87671e-03
  718dl4a            -8.77400e-05  1.51939e-04  0.00000e+00  0.00000e+00  2.70000e-02  1.87671e-03
  719dfch            -6.55484e-05  1.51939e-04  0.00000e+00  0.00000e+00  2.70000e-02  1.87671e-03
  720hcm             -6.55484e-05  1.51939e-04  0.00000e+00  0.00000e+00  2.70000e-02  1.87671e-03
  721vcm             -6.55484e-05  1.51939e-04  0.00000e+00  0.00000e+00  2.70000e-02  1.87671e-03
  722dfch            -4.33567e-05  1.51939e-04  0.00000e+00  0.00000e+00  2.70000e-02  1.87672e-03
  723ge              -4.33567e-05  1.51939e-04  0.00000e+00  0.00000e+00  2.70000e-02  1.87672e-03
  724dl4b            -2.11650e-05  1.51939e-04  0.00000e+00  0.00000e+00  2.70000e-02  1.87672e-03
  725gs              -2.11650e-05  1.51939e-04  0.00000e+00  0.00000e+00  2.70000e-02  1.87672e-03
  726b1               3.96911e-03  2.98189e-03  0.00000e+00  0.00000e+00  2.70000e-02  2.02447e-03
  727dm1a             5.02889e-03  2.98189e-03  0.00000e+00  0.00000e+00  2.70000e-02  2.02601e-03
  728sq2h             5.46441e-03  2.98189e-03  0.00000e+00  0.00000e+00  2.70000e-02  2.02664e-03
  729hcm              5.46441e-03  2.98189e-03  0.00000e+00  0.00000e+00  2.70000e-02  2.02664e-03
  730vcm              5.46441e-03  2.98189e-03  0.00000e+00  0.00000e+00  2.70000e-02  2.02664e-03
  731sq2h             5.89994e-03  2.98189e-03  0.00000e+00  0.00000e+00  2.70000e-02  2.02727e-03
  732dm1b             6.80002e-03  2.98189e-03  0.00000e+00  0.00000e+00  2.70000e-02  2.02858e-03
  733ge               6.80002e-03  2.98189e-03  0.00000e+00  0.00000e+00  2.70000e-02  2.02858e-03
  734gs               6.80002e-03  2.98189e-03  0.00000e+00  0.00000e+00  2.70000e-02  2.02858e-03
  735om1              6.80002e-03  2.97339e-03  0.00000e+00  0.00000e+00  2.70000e-02  2.02858e-03
  736qm1              7.70124e-03  4.46196e-03  0.00000e+00  0.00000e+00  2.70000e-02  2.03022e-03
  737dm2a             8.57017e-03  4.46196e-03  0.00000e+00  0.00000e+00  2.70000e-02  2.03211e-03
  738sm1              9.45631e-03  4.64468e-03  0.00000e+00  0.00000e+00  2.70000e-02  2.03408e-03
  739dm2b             1.24864e-02  4.64468e-03  0.00000e+00  0.00000e+00  2.70000e-02  2.04093e-03
  740bpm              1.24864e-02  4.64468e-03  0.00000e+00  0.00000e+00  2.70000e-02  2.04093e-03
  741qm2              1.30777e-02  1.78776e-04  0.00000e+00  0.00000e+00  2.70000e-02  2.04182e-03
  742dm2c             1.31125e-02  1.78776e-04  0.00000e+00  0.00000e+00  2.70000e-02  2.04183e-03
  743sm2h             1.31179e-02 -9.01252e-05  0.00000e+00  0.00000e+00  2.70000e-02  2.04183e-03
  744mp               1.31179e-02 -9.01252e-05  0.00000e+00  0.00000e+00  2.70000e-02  2.04183e-03
  745sm2h             1.30906e-02 -3.58577e-04  0.00000e+00  0.00000e+00  2.70000e-02  2.04183e-03
  746dm2c             1.30207e-02 -3.58577e-04  0.00000e+00  0.00000e+00  2.70000e-02  2.04184e-03
  747qm2              1.23887e-02 -4.79747e-03  0.00000e+00  0.00000e+00  2.70000e-02  2.04284e-03
  748dm2b             9.25893e-03 -4.79747e-03  0.00000e+00  0.00000e+00  2.70000e-02  2.05015e-03
  749sm1              8.34222e-03 -4.62325e-03  0.00000e+00  0.00000e+00  2.70000e-02  2.05225e-03
  750dm2a             7.44188e-03 -4.62325e-03  0.00000e+00  0.00000e+00  2.70000e-02  2.05428e-03
  751qm1              6.49453e-03 -3.19266e-03  0.00000e+00  0.00000e+00  2.70000e-02  2.05609e-03
  752bpm              6.49453e-03 -3.19266e-03  0.00000e+00  0.00000e+00  2.70000e-02  2.05609e-03
  753dm1e             6.18366e-03 -3.19266e-03  0.00000e+00  0.00000e+00  2.70000e-02  2.05657e-03
  754dfch             5.71735e-03 -3.19266e-03  0.00000e+00  0.00000e+00  2.70000e-02  2.05730e-03
  755vcm              5.71735e-03 -3.19266e-03  0.00000e+00  0.00000e+00  2.70000e-02  2.05730e-03
  756hcm              5.71735e-03 -3.19266e-03  0.00000e+00  0.00000e+00  2.70000e-02  2.05730e-03
  757dfch             5.25104e-03 -3.19266e-03  0.00000e+00  0.00000e+00  2.70000e-02  2.05802e-03
  758ge               5.25104e-03 -3.19266e-03  0.00000e+00  0.00000e+00  2.70000e-02  2.05802e-03
  759gs               5.25104e-03 -3.19266e-03  0.00000e+00  0.00000e+00  2.70000e-02  2.05802e-03
  760dm1d             4.70702e-03 -3.19266e-03  0.00000e+00  0.00000e+00  2.70000e-02  2.05887e-03
  761dpw              4.08527e-03 -3.19266e-03  0.00000e+00  0.00000e+00  2.70000e-02  2.05984e-03
  762dm1c             3.46353e-03 -3.19266e-03  0.00000e+00  0.00000e+00  2.70000e-02  2.06080e-03
  763b1              -1.06348e-03 -3.62705e-04  0.00000e+00  0.00000e+00  2.70000e-02  2.12831e-03
  764ge              -1.06348e-03 -3.62705e-04  0.00000e+00  0.00000e+00  2.70000e-02  2.12831e-03
  765dh4c            -1.12705e-03 -3.62705e-04  0.00000e+00  0.00000e+00  2.70000e-02  2.12832e-03
  766gs              -1.12705e-03 -3.62705e-04  0.00000e+00  0.00000e+00  2.70000e-02  2.12832e-03
  767dfch            -1.18003e-03 -3.62705e-04  0.00000e+00  0.00000e+00  2.70000e-02  2.12833e-03
  768vcm             -1.18003e-03 -3.62705e-04  0.00000e+00  0.00000e+00  2.70000e-02  2.12833e-03
  769hcm             -1.18003e-03 -3.62705e-04  0.00000e+00  0.00000e+00  2.70000e-02  2.12833e-03
  770dfch            -1.23300e-03 -3.62705e-04  0.00000e+00  0.00000e+00  2.70000e-02  2.12834e-03
  771dh4b            -1.26832e-03 -3.62705e-04  0.00000e+00  0.00000e+00  2.70000e-02  2.12834e-03
  772sh4             -1.33914e-03 -3.64677e-04  0.00000e+00  0.00000e+00  2.70000e-02  2.12836e-03
  773dh4a            -1.40128e-03 -3.64677e-04  0.00000e+00  0.00000e+00  2.70000e-02  2.12837e-03
  774bpm             -1.40128e-03 -3.64677e-04  0.00000e+00  0.00000e+00  2.70000e-02  2.12837e-03
  775qh3             -1.56840e-03 -1.02074e-03  0.00000e+00  0.00000e+00  2.70000e-02  2.12843e-03
  776dh3b            -1.76221e-03 -1.02074e-03  0.00000e+00  0.00000e+00  2.70000e-02  2.12852e-03
  777sh3             -1.95969e-03 -1.00687e-03  0.00000e+00  0.00000e+00  2.70000e-02  2.12862e-03
  778dh3a            -2.14596e-03 -1.00687e-03  0.00000e+00  0.00000e+00  2.70000e-02  2.12871e-03
  779qh2             -2.28007e-03  3.31534e-04  0.00000e+00  0.00000e+00  2.70000e-02  2.12876e-03
  780dh2c            -2.23165e-03  3.31534e-04  0.00000e+00  0.00000e+00  2.70000e-02  2.12877e-03
  781sh2             -2.16858e-03  3.16307e-04  0.00000e+00  0.00000e+00  2.70000e-02  2.12878e-03
  782dh2b            -2.12007e-03  3.16307e-04  0.00000e+00  0.00000e+00  2.70000e-02  2.12879e-03
  783dsch            -2.08927e-03  3.16307e-04  0.00000e+00  0.00000e+00  2.70000e-02  2.12879e-03
  784vcm             -2.08927e-03  3.16307e-04  0.00000e+00  0.00000e+00  2.70000e-02  2.12879e-03
  785hcm             -2.08927e-03  3.16307e-04  0.00000e+00  0.00000e+00  2.70000e-02  2.12879e-03
  786dsch            -2.05847e-03  3.16307e-04  0.00000e+00  0.00000e+00  2.70000e-02  2.12880e-03
  787dh2a            -2.00996e-03  3.16307e-04  0.00000e+00  0.00000e+00  2.70000e-02  2.12880e-03
  788qh1             -1.95516e-03  1.34824e-04  0.00000e+00  0.00000e+00  2.70000e-02  2.12881e-03
  789bpm             -1.95516e-03  1.34824e-04  0.00000e+00  0.00000e+00  2.70000e-02  2.12881e-03
  790dh1a            -1.93218e-03  1.34824e-04  0.00000e+00  0.00000e+00  2.70000e-02  2.12881e-03
  791sh1             -1.90593e-03  1.34824e-04  0.00000e+00  0.00000e+00  2.70000e-02  2.12881e-03
  792ge              -1.90593e-03  1.34824e-04  0.00000e+00  0.00000e+00  2.70000e-02  2.12881e-03
  793gs              -1.90593e-03  1.34824e-04  0.00000e+00  0.00000e+00  2.70000e-02  2.12881e-03
  794dh0             -1.29548e-03  1.34824e-04  0.00000e+00  0.00000e+00  2.70000e-02  2.12885e-03
  795ls              -1.29548e-03  1.34824e-04  0.00000e+00  0.00000e+00  2.70000e-02  2.12885e-03
  796dh0             -6.85025e-04  1.34824e-04  0.00000e+00  0.00000e+00  2.70000e-02  2.12889e-03
  797ge              -6.85025e-04  1.34824e-04  0.00000e+00  0.00000e+00  2.70000e-02  2.12889e-03
  798gs              -6.85025e-04  1.34824e-04  0.00000e+00  0.00000e+00  2.70000e-02  2.12889e-03
  799sh1             -6.58769e-04  1.34824e-04  0.00000e+00  0.00000e+00  2.70000e-02  2.12890e-03
  800dh1a            -6.35795e-04  1.34824e-04  0.00000e+00  0.00000e+00  2.70000e-02  2.12890e-03
  801bpm             -6.35795e-04  1.34824e-04  0.00000e+00  0.00000e+00  2.70000e-02  2.12890e-03
  802qh1             -6.09938e-04  7.80151e-05  0.00000e+00  0.00000e+00  2.70000e-02  2.12890e-03
  803dh2a            -5.97974e-04  7.80151e-05  0.00000e+00  0.00000e+00  2.70000e-02  2.12890e-03
  804sq1h            -5.90377e-04  7.80151e-05  0.00000e+00  0.00000e+00  2.70000e-02  2.12890e-03
  805hcm             -5.90377e-04  7.80151e-05  0.00000e+00  0.00000e+00  2.70000e-02  2.12890e-03
  806vcm             -5.90377e-04  7.80151e-05  0.00000e+00  0.00000e+00  2.70000e-02  2.12890e-03
  807sq1h            -5.82781e-04  7.80151e-05  0.00000e+00  0.00000e+00  2.70000e-02  2.12890e-03
  808dh2b            -5.70816e-04  7.80151e-05  0.00000e+00  0.00000e+00  2.70000e-02  2.12890e-03
  809sh2             -5.55722e-04  7.70169e-05  0.00000e+00  0.00000e+00  2.70000e-02  2.12890e-03
  810dh2c            -5.44473e-04  7.70169e-05  0.00000e+00  0.00000e+00  2.70000e-02  2.12890e-03
  811qh2             -4.53903e-04  3.79070e-04  0.00000e+00  0.00000e+00  2.70000e-02  2.12891e-03
  812dh3a            -3.83773e-04  3.79070e-04  0.00000e+00  0.00000e+00  2.70000e-02  2.12893e-03
  813sh3             -3.09902e-04  3.79553e-04  0.00000e+00  0.00000e+00  2.70000e-02  2.12894e-03
  814dh3b            -2.37835e-04  3.79553e-04  0.00000e+00  0.00000e+00  2.70000e-02  2.12895e-03
  815qh3             -1.56761e-04  2.92548e-04  0.00000e+00  0.00000e+00  2.70000e-02  2.12897e-03
  816bpm             -1.56761e-04  2.92548e-04  0.00000e+00  0.00000e+00  2.70000e-02  2.12897e-03
  817dh4a            -1.06911e-04  2.92548e-04  0.00000e+00  0.00000e+00  2.70000e-02  2.12897e-03
  818sh4             -4.99408e-05  2.92540e-04  0.00000e+00  0.00000e+00  2.70000e-02  2.12898e-03
  819dh4b            -2.14559e-05  2.92540e-04  0.00000e+00  0.00000e+00  2.70000e-02  2.12899e-03
  820dfch             2.12716e-05  2.92540e-04  0.00000e+00  0.00000e+00  2.70000e-02  2.12899e-03
  821hcm              2.12716e-05  2.92540e-04  0.00000e+00  0.00000e+00  2.70000e-02  2.12899e-03
  822vcm              2.12716e-05  2.92540e-04  0.00000e+00  0.00000e+00  2.70000e-02  2.12899e-03
  823dfch             6.39990e-05  2.92540e-04  0.00000e+00  0.00000e+00  2.70000e-02  2.12900e-03
  824ge               6.39990e-05  2.92540e-04  0.00000e+00  0.00000e+00  2.70000e-02  2.12900e-03
  825dh4c             1.15272e-04  2.92540e-04  0.00000e+00  0.00000e+00  2.70000e-02  2.12900e-03
  826gs               1.15272e-04  2.92540e-04  0.00000e+00  0.00000e+00  2.70000e-02  2.12900e-03
  827b1               4.46360e-03  3.12249e-03  0.00000e+00  0.00000e+00  2.70000e-02  2.31039e-03
  828dm1a             5.57335e-03  3.12249e-03  0.00000e+00  0.00000e+00  2.70000e-02  2.31208e-03
  829dfch             6.02941e-03  3.12249e-03  0.00000e+00  0.00000e+00  2.70000e-02  2.31277e-03
  830hcm              6.02941e-03  3.12249e-03  0.00000e+00  0.00000e+00  2.70000e-02  2.31277e-03
  831vcm              6.02941e-03  3.12249e-03  0.00000e+00  0.00000e+00  2.70000e-02  2.31277e-03
  832dfch             6.48547e-03  3.12249e-03  0.00000e+00  0.00000e+00  2.70000e-02  2.31346e-03
  833dm1b             7.42799e-03  3.12249e-03  0.00000e+00  0.00000e+00  2.70000e-02  2.31490e-03
  834ge               7.42799e-03  3.12249e-03  0.00000e+00  0.00000e+00  2.70000e-02  2.31490e-03
  835gs               7.42799e-03  3.12249e-03  0.00000e+00  0.00000e+00  2.70000e-02  2.31490e-03
  836qm1              8.38164e-03  4.74538e-03  0.00000e+00  0.00000e+00  2.70000e-02  2.31674e-03
  837dm2a             9.30576e-03  4.74538e-03  0.00000e+00  0.00000e+00  2.70000e-02  2.31888e-03
  838sm1              1.02501e-02  4.96040e-03  0.00000e+00  0.00000e+00  2.70000e-02  2.32111e-03
  839dm2b             1.34862e-02  4.96040e-03  0.00000e+00  0.00000e+00  2.70000e-02  2.32892e-03
  840bpm              1.34862e-02  4.96040e-03  0.00000e+00  0.00000e+00  2.70000e-02  2.32892e-03
  841qm2              1.41113e-02  1.39256e-04  0.00000e+00  0.00000e+00  2.70000e-02  2.32993e-03
  842dm2c             1.41385e-02  1.39256e-04  0.00000e+00  0.00000e+00  2.70000e-02  2.32993e-03
  843sm2h             1.41364e-02 -1.73206e-04  0.00000e+00  0.00000e+00  2.70000e-02  2.32993e-03
  844mp               1.41364e-02 -1.73206e-04  0.00000e+00  0.00000e+00  2.70000e-02  2.32993e-03
  845sm2h             1.40963e-02 -4.84738e-04  0.00000e+00  0.00000e+00  2.70000e-02  2.32994e-03
  846dm2c             1.40019e-02 -4.84738e-04  0.00000e+00  0.00000e+00  2.70000e-02  2.32996e-03
  847qm2              1.32985e-02 -5.25397e-03  0.00000e+00  0.00000e+00  2.70000e-02  2.33118e-03
  848dm2b             9.87089e-03 -5.25397e-03  0.00000e+00  0.00000e+00  2.70000e-02  2.33995e-03
  849sm1              8.86763e-03 -5.05651e-03  0.00000e+00  0.00000e+00  2.70000e-02  2.34246e-03
  850dm2a             7.88292e-03 -5.05651e-03  0.00000e+00  0.00000e+00  2.70000e-02  2.34489e-03
  851qm1              6.84034e-03 -3.54514e-03  0.00000e+00  0.00000e+00  2.70000e-02  2.34708e-03
  852bpm              6.84034e-03 -3.54514e-03  0.00000e+00  0.00000e+00  2.70000e-02  2.34708e-03
  853om1              6.84034e-03 -3.55377e-03  0.00000e+00  0.00000e+00  2.70000e-02  2.34708e-03
  854dm1e             6.49430e-03 -3.55377e-03  0.00000e+00  0.00000e+00  2.70000e-02  2.34768e-03
  855dfch             5.97525e-03 -3.55377e-03  0.00000e+00  0.00000e+00  2.70000e-02  2.34858e-03
  856vcm              5.97525e-03 -3.55377e-03  0.00000e+00  0.00000e+00  2.70000e-02  2.34858e-03
  857hcm              5.97525e-03 -3.55377e-03  0.00000e+00  0.00000e+00  2.70000e-02  2.34858e-03
  858dfch             5.45620e-03 -3.55377e-03  0.00000e+00  0.00000e+00  2.70000e-02  2.34948e-03
  859ge               5.45620e-03 -3.55377e-03  0.00000e+00  0.00000e+00  2.70000e-02  2.34948e-03
  860gs               5.45620e-03 -3.55377e-03  0.00000e+00  0.00000e+00  2.70000e-02  2.34948e-03
  861dm1d             4.85064e-03 -3.55377e-03  0.00000e+00  0.00000e+00  2.70000e-02  2.35053e-03
  862dpw              4.15857e-03 -3.55377e-03  0.00000e+00  0.00000e+00  2.70000e-02  2.35172e-03
  863dm1c             3.46650e-03 -3.55377e-03  0.00000e+00  0.00000e+00  2.70000e-02  2.35292e-03
  864b1              -1.98012e-03 -7.23821e-04  0.00000e+00  0.00000e+00  2.70000e-02  2.37429e-03
  865ge              -1.98012e-03 -7.23821e-04  0.00000e+00  0.00000e+00  2.70000e-02  2.37429e-03
  866dl4b            -2.08584e-03 -7.23821e-04  0.00000e+00  0.00000e+00  2.70000e-02  2.37433e-03
  867gs              -2.08584e-03 -7.23821e-04  0.00000e+00  0.00000e+00  2.70000e-02  2.37433e-03
  868dfch            -2.19156e-03 -7.23821e-04  0.00000e+00  0.00000e+00  2.70000e-02  2.37437e-03
  869vcm             -2.19156e-03 -7.23821e-04  0.00000e+00  0.00000e+00  2.70000e-02  2.37437e-03
  870hcm             -2.19156e-03 -7.23821e-04  0.00000e+00  0.00000e+00  2.70000e-02  2.37437e-03
  871dfch            -2.29728e-03 -7.23821e-04  0.00000e+00  0.00000e+00  2.70000e-02  2.37441e-03
  872dl4a            -2.40300e-03 -7.23821e-04  0.00000e+00  0.00000e+00  2.70000e-02  2.37444e-03
  873bpm             -2.40300e-03 -7.23821e-04  0.00000e+00  0.00000e+00  2.70000e-02  2.37444e-03
  874ql3             -2.69536e-03 -1.69694e-03  0.00000e+00  0.00000e+00  2.70000e-02  2.37462e-03
  875dl3b            -2.94321e-03 -1.69694e-03  0.00000e+00  0.00000e+00  2.70000e-02  2.37483e-03
  876sl3             -3.27004e-03 -1.65829e-03  0.00000e+00  0.00000e+00  2.70000e-02  2.37510e-03
  877dl3a            -4.30118e-03 -1.65829e-03  0.00000e+00  0.00000e+00  2.70000e-02  2.37593e-03
  878ql2             -4.25571e-03  1.88568e-03  0.00000e+00  0.00000e+00  2.70000e-02  2.37613e-03
  879dl2c            -3.79668e-03  1.88568e-03  0.00000e+00  0.00000e+00  2.70000e-02  2.37655e-03
  880sl2             -3.43362e-03  1.84429e-03  0.00000e+00  0.00000e+00  2.70000e-02  2.37688e-03
  881dl2b            -3.18670e-03  1.84429e-03  0.00000e+00  0.00000e+00  2.70000e-02  2.37710e-03
  882dsch            -3.00712e-03  1.84429e-03  0.00000e+00  0.00000e+00  2.70000e-02  2.37726e-03
  883vcm             -3.00712e-03  1.84429e-03  0.00000e+00  0.00000e+00  2.70000e-02  2.37726e-03
  884hcm             -3.00712e-03  1.84429e-03  0.00000e+00  0.00000e+00  2.70000e-02  2.37726e-03
  885dsch            -2.82754e-03  1.84429e-03  0.00000e+00  0.00000e+00  2.70000e-02  2.37743e-03
  886dl2a            -2.58062e-03  1.84429e-03  0.00000e+00  0.00000e+00  2.70000e-02  2.37765e-03
  887ql1             -2.27090e-03  7.24369e-04  0.00000e+00  0.00000e+00  2.70000e-02  2.37785e-03
  888bpm             -2.27090e-03  7.24369e-04  0.00000e+00  0.00000e+00  2.70000e-02  2.37785e-03
  889dl1a            -2.14747e-03  7.24369e-04  0.00000e+00  0.00000e+00  2.70000e-02  2.37790e-03
  890sl1             -2.00611e-03  7.27311e-04  0.00000e+00  0.00000e+00  2.70000e-02  2.37795e-03
  891ge              -2.00611e-03  7.27311e-04  0.00000e+00  0.00000e+00  2.70000e-02  2.37795e-03
  892gs              -2.00611e-03  7.27311e-04  0.00000e+00  0.00000e+00  2.70000e-02  2.37795e-03
  893dl0              3.30914e-04  7.27311e-04  0.00000e+00  0.00000e+00  2.70000e-02  2.37877e-03
  894ss               3.30914e-04  7.27311e-04  0.00000e+00  0.00000e+00  2.70000e-02  2.37877e-03
  895dl0              2.66794e-03  7.27311e-04  0.00000e+00  0.00000e+00  2.70000e-02  2.37960e-03
  896ge               2.66794e-03  7.27311e-04  0.00000e+00  0.00000e+00  2.70000e-02  2.37960e-03
  897gs               2.66794e-03  7.27311e-04  0.00000e+00  0.00000e+00  2.70000e-02  2.37960e-03
  898sl1              2.81007e-03  7.32426e-04  0.00000e+00  0.00000e+00  2.70000e-02  2.37965e-03
  899dl1a             2.93487e-03  7.32426e-04  0.00000e+00  0.00000e+00  2.70000e-02  2.37970e-03
  900bpm              2.93487e-03  7.32426e-04  0.00000e+00  0.00000e+00  2.70000e-02  2.37970e-03
  901ql1              3.28449e-03  2.16713e-03  0.00000e+00  0.00000e+00  2.70000e-02  2.37996e-03
  902dl2a             3.57464e-03  2.16713e-03  0.00000e+00  0.00000e+00  2.70000e-02  2.38027e-03
  903dsch             3.78565e-03  2.16713e-03  0.00000e+00  0.00000e+00  2.70000e-02  2.38049e-03
  904hcm              3.78565e-03  2.16713e-03  0.00000e+00  0.00000e+00  2.70000e-02  2.38049e-03
  905vcm              3.78565e-03  2.16713e-03  0.00000e+00  0.00000e+00  2.70000e-02  2.38049e-03
  906dsch             3.99667e-03  2.16713e-03  0.00000e+00  0.00000e+00  2.70000e-02  2.38071e-03
  907dl2b             4.28682e-03  2.16713e-03  0.00000e+00  0.00000e+00  2.70000e-02  2.38102e-03
  908sl2              4.70281e-03  2.10311e-03  0.00000e+00  0.00000e+00  2.70000e-02  2.38145e-03
  909dl2c             5.21476e-03  2.10311e-03  0.00000e+00  0.00000e+00  2.70000e-02  2.38197e-03
  910ql2              5.19431e-03 -2.20535e-03  0.00000e+00  0.00000e+00  2.70000e-02  2.38227e-03
  911dl3a             3.82300e-03 -2.20535e-03  0.00000e+00  0.00000e+00  2.70000e-02  2.38374e-03
  912sl3              3.39881e-03 -2.15316e-03  0.00000e+00  0.00000e+00  2.70000e-02  2.38419e-03
  913dl3b             3.08433e-03 -2.15316e-03  0.00000e+00  0.00000e+00  2.70000e-02  2.38452e-03
  914ql3              2.69753e-03 -1.04955e-03  0.00000e+00  0.00000e+00  2.70000e-02  2.38483e-03
  915bpm              2.69753e-03 -1.04955e-03  0.00000e+00  0.00000e+00  2.70000e-02  2.38483e-03
  916dl4a             2.54423e-03 -1.04955e-03  0.00000e+00  0.00000e+00  2.70000e-02  2.38491e-03
  917dfch             2.39094e-03 -1.04955e-03  0.00000e+00  0.00000e+00  2.70000e-02  2.38499e-03
  918hcm              2.39094e-03 -1.04955e-03  0.00000e+00  0.00000e+00  2.70000e-02  2.38499e-03
  919vcm              2.39094e-03 -1.04955e-03  0.00000e+00  0.00000e+00  2.70000e-02  2.38499e-03
  920dfch             2.23765e-03 -1.04955e-03  0.00000e+00  0.00000e+00  2.70000e-02  2.38507e-03
  921ge               2.23765e-03 -1.04955e-03  0.00000e+00  0.00000e+00  2.70000e-02  2.38507e-03
  922dl4b             2.08435e-03 -1.04955e-03  0.00000e+00  0.00000e+00  2.70000e-02  2.38515e-03
  923gs               2.08435e-03 -1.04955e-03  0.00000e+00  0.00000e+00  2.70000e-02  2.38515e-03
  924b1               3.01495e-03  1.78041e-03  0.00000e+00  0.00000e+00  2.70000e-02  2.59036e-03
  925dm1a             3.64771e-03  1.78041e-03  0.00000e+00  0.00000e+00  2.70000e-02  2.59091e-03
  926sq2h             3.90775e-03  1.78041e-03  0.00000e+00  0.00000e+00  2.70000e-02  2.59114e-03
  927hcm              3.90775e-03  1.78041e-03  0.00000e+00  0.00000e+00  2.70000e-02  2.59114e-03
  928vcm              3.90775e-03  1.78041e-03  0.00000e+00  0.00000e+00  2.70000e-02  2.59114e-03
  929sq2h             4.16779e-03  1.78041e-03  0.00000e+00  0.00000e+00  2.70000e-02  2.59136e-03
  930dm1b             4.70521e-03  1.78041e-03  0.00000e+00  0.00000e+00  2.70000e-02  2.59183e-03
  931ge               4.70521e-03  1.78041e-03  0.00000e+00  0.00000e+00  2.70000e-02  2.59183e-03
  932gs               4.70521e-03  1.78041e-03  0.00000e+00  0.00000e+00  2.70000e-02  2.59183e-03
  933om1              4.70521e-03  1.77697e-03  0.00000e+00  0.00000e+00  2.70000e-02  2.59183e-03
  934qm1              5.25996e-03  2.79991e-03  0.00000e+00  0.00000e+00  2.70000e-02  2.59245e-03
  935dm2a             5.80522e-03  2.79991e-03  0.00000e+00  0.00000e+00  2.70000e-02  2.59320e-03
  936sm1              6.35834e-03  2.88311e-03  0.00000e+00  0.00000e+00  2.70000e-02  2.59396e-03
  937dm2b             8.23924e-03  2.88311e-03  0.00000e+00  0.00000e+00  2.70000e-02  2.59660e-03
  938bpm              8.23924e-03  2.88311e-03  0.00000e+00  0.00000e+00  2.70000e-02  2.59660e-03
  939qm2              8.58576e-03 -5.61210e-05  0.00000e+00  0.00000e+00  2.70000e-02  2.59693e-03
  940dm2c             8.57484e-03 -5.61210e-05  0.00000e+00  0.00000e+00  2.70000e-02  2.59693e-03
  941sm2h             8.56102e-03 -1.70866e-04  0.00000e+00  0.00000e+00  2.70000e-02  2.59693e-03
  942mp               8.56102e-03 -1.70866e-04  0.00000e+00  0.00000e+00  2.70000e-02  2.59693e-03
  943sm2h             8.53326e-03 -2.85054e-04  0.00000e+00  0.00000e+00  2.70000e-02  2.59693e-03
  944dm2c             8.47775e-03 -2.85054e-04  0.00000e+00  0.00000e+00  2.70000e-02  2.59694e-03
  945qm2              8.05387e-03 -3.17304e-03  0.00000e+00  0.00000e+00  2.70000e-02  2.59738e-03
  946dm2b             5.98383e-03 -3.17304e-03  0.00000e+00  0.00000e+00  2.70000e-02  2.60058e-03
  947sm1              5.37322e-03 -3.10048e-03  0.00000e+00  0.00000e+00  2.70000e-02  2.60151e-03
  948dm2a             4.76943e-03 -3.10048e-03  0.00000e+00  0.00000e+00  2.70000e-02  2.60242e-03
  949qm1              4.12854e-03 -2.18709e-03  0.00000e+00  0.00000e+00  2.70000e-02  2.60325e-03
  950bpm              4.12854e-03 -2.18709e-03  0.00000e+00  0.00000e+00  2.70000e-02  2.60325e-03
  951dm1e             3.91558e-03 -2.18709e-03  0.00000e+00  0.00000e+00  2.70000e-02  2.60348e-03
  952dfch             3.59614e-03 -2.18709e-03  0.00000e+00  0.00000e+00  2.70000e-02  2.60382e-03
  953vcm              3.59614e-03 -2.18709e-03  0.00000e+00  0.00000e+00  2.70000e-02  2.60382e-03
  954hcm              3.59614e-03 -2.18709e-03  0.00000e+00  0.00000e+00  2.70000e-02  2.60382e-03
  955dfch             3.27670e-03 -2.18709e-03  0.00000e+00  0.00000e+00  2.70000e-02  2.60416e-03
  956ge               3.27670e-03 -2.18709e-03  0.00000e+00  0.00000e+00  2.70000e-02  2.60416e-03
  957gs               3.27670e-03 -2.18709e-03  0.00000e+00  0.00000e+00  2.70000e-02  2.60416e-03
  958dm1d             2.90402e-03 -2.18709e-03  0.00000e+00  0.00000e+00  2.70000e-02  2.60456e-03
  959dpw              2.47810e-03 -2.18709e-03  0.00000e+00  0.00000e+00  2.70000e-02  2.60501e-03
  960dm1c             2.05218e-03 -2.18709e-03  0.00000e+00  0.00000e+00  2.70000e-02  2.60546e-03
  961b1               8.59320e-05  6.42862e-04  0.00000e+00  0.00000e+00  2.70000e-02  2.65607e-03
  962ge               8.59320e-05  6.42862e-04  0.00000e+00  0.00000e+00  2.70000e-02  2.65607e-03
  963dh4c             1.98605e-04  6.42862e-04  0.00000e+00  0.00000e+00  2.70000e-02  2.65610e-03
  964gs               1.98605e-04  6.42862e-04  0.00000e+00  0.00000e+00  2.70000e-02  2.65610e-03
  965dfch             2.92499e-04  6.42862e-04  0.00000e+00  0.00000e+00  2.70000e-02  2.65613e-03
  966vcm              2.92499e-04  6.42862e-04  0.00000e+00  0.00000e+00  2.70000e-02  2.65613e-03
  967hcm              2.92499e-04  6.42862e-04  0.00000e+00  0.00000e+00  2.70000e-02  2.65613e-03
  968dfch             3.86393e-04  6.42862e-04  0.00000e+00  0.00000e+00  2.70000e-02  2.65616e-03
  969dh4b             4.48989e-04  6.42862e-04  0.00000e+00  0.00000e+00  2.70000e-02  2.65618e-03
  970sh4              5.74154e-04  6.42557e-04  0.00000e+00  0.00000e+00  2.70000e-02  2.65622e-03
  971dh4a             6.83645e-04  6.42557e-04  0.00000e+00  0.00000e+00  2.70000e-02  2.65625e-03
  972bpm              6.83645e-04  6.42557e-04  0.00000e+00  0.00000e+00  2.70000e-02  2.65625e-03
  973qh3              8.80418e-04  9.88753e-04  0.00000e+00  0.00000e+00  2.70000e-02  2.65633e-03
  974dh3b             1.06816e-03  9.88753e-04  0.00000e+00  0.00000e+00  2.70000e-02  2.65642e-03
  975sh3              1.26121e-03  9.94191e-04  0.00000e+00  0.00000e+00  2.70000e-02  2.65652e-03
  976dh3a             1.44514e-03  9.94191e-04  0.00000e+00  0.00000e+00  2.70000e-02  2.65661e-03
  977qh2              1.65413e-03  5.82954e-05  0.00000e+00  0.00000e+00  2.70000e-02  2.65667e-03
  978dh2c             1.66265e-03  5.82954e-05  0.00000e+00  0.00000e+00  2.70000e-02  2.65667e-03
  979sh2              1.67315e-03  4.95414e-05  0.00000e+00  0.00000e+00  2.70000e-02  2.65668e-03
  980dh2b             1.68075e-03  4.95414e-05  0.00000e+00  0.00000e+00  2.70000e-02  2.65668e-03
  981dsch             1.68557e-03  4.95414e-05  0.00000e+00  0.00000e+00  2.70000e-02  2.65668e-03
  982vcm              1.68557e-03  4.95414e-05  0.00000e+00  0.00000e+00  2.70000e-02  2.65668e-03
  983hcm              1.68557e-03  4.95414e-05  0.00000e+00  0.00000e+00  2.70000e-02  2.65668e-03
  984dsch             1.69040e-03  4.95414e-05  0.00000e+00  0.00000e+00  2.70000e-02  2.65668e-03
  985dh2a             1.69799e-03  4.95414e-05  0.00000e+00  0.00000e+00  2.70000e-02  2.65668e-03
  986qh1              1.72920e-03  2.07339e-04  0.00000e+00  0.00000e+00  2.70000e-02  2.65668e-03
  987bpm              1.72920e-03  2.07339e-04  0.00000e+00  0.00000e+00  2.70000e-02  2.65668e-03
  988dh1a             1.76453e-03  2.07339e-04  0.00000e+00  0.00000e+00  2.70000e-02  2.65668e-03
  989sh1              1.80491e-03  2.07339e-04  0.00000e+00  0.00000e+00  2.70000e-02  2.65669e-03
  990ge               1.80491e-03  2.07339e-04  0.00000e+00  0.00000e+00  2.70000e-02  2.65669e-03
  991gs               1.80491e-03  2.07339e-04  0.00000e+00  0.00000e+00  2.70000e-02  2.65669e-03
  992dh0              2.74369e-03  2.07339e-04  0.00000e+00  0.00000e+00  2.70000e-02  2.65678e-03
  993ls               2.74369e-03  2.07339e-04  0.00000e+00  0.00000e+00  2.70000e-02  2.65678e-03
  994cav              2.74369e-03  2.07339e-04  0.00000e+00  0.00000e+00  2.70000e-02  2.65678e-03
